Id,Predicted
0, 0.00
1, 0.00
2, 0.00
3, 0.00
4, 1.00
5, 0.00
6, 1.00
7, 0.00
8, 0.00
9, 1.00
10, 1.00
11, 1.00
12, 0.00
13, 0.00
14, 1.00
15, 1.00
16, 1.00
17, 1.00
18, 1.00
19, 0.00
20, 1.00
21, 1.00
22, 0.00
23, 0.00
24, 0.00
25, 0.00
26, 1.00
27, 0.00
28, 1.00
29, 0.00
30, 0.00
31, 0.00
32, 1.00
33, 0.00
34, 0.00
35, 0.00
36, 0.00
37, 1.00
38, 0.00
39, 1.00
40, 1.00
41, 0.00
42, 1.00
43, 0.00
44, 1.00
45, 1.00
46, 0.00
47, 0.00
48, 1.00
49, 0.00
50, 0.00
51, 0.00
52, 0.00
53, 0.00
54, 0.00
55, 1.00
56, 0.00
57, 0.00
58, 0.00
59, 1.00
60, 1.00
61, 0.00
62, 0.00
63, 1.00
64, 1.00
65, 0.00
66, 1.00
67, 0.00
68, 0.00
69, 0.00
70, 1.00
71, 1.00
72, 1.00
73, 0.00
74, 0.00
75, 1.00
76, 1.00
77, 1.00
78, 0.00
79, 0.00
80, 1.00
81, 0.00
82, 1.00
83, 1.00
84, 1.00
85, 1.00
86, 1.00
87, 0.00
88, 0.00
89, 1.00
90, 0.00
91, 1.00
92, 1.00
93, 0.00
94, 1.00
95, 0.00
96, 0.00
97, 0.00
98, 1.00
99, 0.00
100, 1.00
101, 1.00
102, 0.00
103, 0.00
104, 1.00
105, 0.00
106, 0.00
107, 0.00
108, 0.00
109, 1.00
110, 0.00
111, 0.00
112, 0.00
113, 1.00
114, 0.00
115, 0.00
116, 1.00
117, 1.00
118, 0.00
119, 0.00
120, 0.00
121, 1.00
122, 1.00
123, 0.00
124, 0.00
125, 0.00
126, 1.00
127, 1.00
128, 1.00
129, 0.00
130, 0.00
131, 1.00
132, 0.00
133, 0.00
134, 0.00
135, 1.00
136, 0.00
137, 0.00
138, 0.00
139, 1.00
140, 1.00
141, 0.00
142, 1.00
143, 1.00
144, 1.00
145, 0.00
146, 0.00
147, 0.00
148, 0.00
149, 0.00
150, 0.00
151, 1.00
152, 0.00
153, 0.00
154, 1.00
155, 0.00
156, 0.00
157, 0.00
158, 1.00
159, 0.00
160, 1.00
161, 0.00
162, 1.00
163, 0.00
164, 0.00
165, 1.00
166, 0.00
167, 0.00
168, 1.00
169, 0.00
170, 0.00
171, 1.00
172, 1.00
173, 1.00
174, 0.00
175, 1.00
176, 0.00
177, 0.00
178, 1.00
179, 0.00
180, 0.00
181, 0.00
182, 1.00
183, 0.00
184, 0.00
185, 0.00
186, 1.00
187, 0.00
188, 1.00
189, 1.00
190, 1.00
191, 1.00
192, 1.00
193, 0.00
194, 0.00
195, 0.00
196, 1.00
197, 1.00
198, 0.00
199, 0.00
200, 1.00
201, 0.00
202, 0.00
203, 0.00
204, 1.00
205, 0.00
206, 0.00
207, 0.00
208, 1.00
209, 1.00
210, 0.00
211, 1.00
212, 0.00
213, 0.00
214, 0.00
215, 1.00
216, 1.00
217, 1.00
218, 0.00
219, 0.00
220, 0.00
221, 0.00
222, 0.00
223, 0.00
224, 0.00
225, 0.00
226, 0.00
227, 1.00
228, 0.00
229, 0.00
230, 0.00
231, 0.00
232, 0.00
233, 0.00
234, 0.00
235, 0.00
236, 1.00
237, 0.00
238, 0.00
239, 0.00
240, 0.00
241, 1.00
242, 0.00
243, 0.00
244, 0.00
245, 1.00
246, 1.00
247, 1.00
248, 0.00
249, 0.00
250, 1.00
251, 0.00
252, 0.00
253, 0.00
254, 1.00
255, 0.00
256, 1.00
257, 1.00
258, 1.00
259, 0.00
260, 0.00
261, 0.00
262, 0.00
263, 1.00
264, 0.00
265, 1.00
266, 0.00
267, 1.00
268, 0.00
269, 0.00
270, 1.00
271, 1.00
272, 0.00
273, 0.00
274, 1.00
275, 1.00
276, 0.00
277, 0.00
278, 1.00
279, 0.00
280, 1.00
281, 1.00
282, 1.00
283, 0.00
284, 0.00
285, 1.00
286, 0.00
287, 1.00
288, 1.00
289, 1.00
290, 0.00
291, 0.00
292, 1.00
293, 0.00
294, 0.00
295, 0.00
296, 0.00
297, 0.00
298, 0.00
299, 0.00
300, 0.00
301, 0.00
302, 0.00
303, 0.00
304, 0.00
305, 1.00
306, 0.00
307, 0.00
308, 0.00
309, 1.00
310, 1.00
311, 0.00
312, 1.00
313, 0.00
314, 0.00
315, 0.00
316, 1.00
317, 1.00
318, 0.00
319, 0.00
320, 0.00
321, 1.00
322, 0.00
323, 0.00
324, 1.00
325, 1.00
326, 0.00
327, 0.00
328, 0.00
329, 1.00
330, 0.00
331, 1.00
332, 0.00
333, 0.00
334, 1.00
335, 1.00
336, 0.00
337, 0.00
338, 0.00
339, 1.00
340, 1.00
341, 0.00
342, 0.00
343, 0.00
344, 1.00
345, 1.00
346, 0.00
347, 0.00
348, 0.00
349, 1.00
350, 1.00
351, 0.00
352, 1.00
353, 1.00
354, 0.00
355, 1.00
356, 1.00
357, 0.00
358, 0.00
359, 1.00
360, 0.00
361, 1.00
362, 0.00
363, 0.00
364, 0.00
365, 1.00
366, 1.00
367, 1.00
368, 0.00
369, 0.00
370, 0.00
371, 1.00
372, 0.00
373, 1.00
374, 1.00
375, 1.00
376, 1.00
377, 0.00
378, 0.00
379, 0.00
380, 1.00
381, 0.00
382, 0.00
383, 1.00
384, 0.00
385, 0.00
386, 0.00
387, 0.00
388, 1.00
389, 0.00
390, 1.00
391, 0.00
392, 1.00
393, 0.00
394, 0.00
395, 1.00
396, 1.00
397, 0.00
398, 0.00
399, 1.00
400, 1.00
401, 1.00
402, 0.00
403, 1.00
404, 0.00
405, 1.00
406, 0.00
407, 1.00
408, 0.00
409, 0.00
410, 0.00
411, 0.00
412, 0.00
413, 1.00
414, 0.00
415, 0.00
416, 0.00
417, 1.00
418, 0.00
419, 0.00
420, 1.00
421, 0.00
422, 1.00
423, 1.00
424, 1.00
425, 1.00
426, 0.00
427, 1.00
428, 1.00
429, 0.00
430, 0.00
431, 1.00
432, 1.00
433, 0.00
434, 1.00
435, 1.00
436, 1.00
437, 1.00
438, 0.00
439, 0.00
440, 1.00
441, 1.00
442, 0.00
443, 0.00
444, 1.00
445, 0.00
446, 0.00
447, 0.00
448, 0.00
449, 1.00
450, 0.00
451, 0.00
452, 1.00
453, 1.00
454, 0.00
455, 0.00
456, 0.00
457, 0.00
458, 1.00
459, 0.00
460, 1.00
461, 0.00
462, 1.00
463, 1.00
464, 1.00
465, 0.00
466, 1.00
467, 0.00
468, 1.00
469, 1.00
470, 0.00
471, 1.00
472, 0.00
473, 1.00
474, 1.00
475, 1.00
476, 1.00
477, 0.00
478, 0.00
479, 0.00
480, 0.00
481, 1.00
482, 1.00
483, 0.00
484, 0.00
485, 0.00
486, 0.00
487, 1.00
488, 0.00
489, 0.00
490, 0.00
491, 0.00
492, 0.00
493, 0.00
494, 0.00
495, 0.00
496, 0.00
497, 0.00
498, 1.00
499, 1.00
500, 1.00
501, 0.00
502, 0.00
503, 0.00
504, 1.00
505, 1.00
506, 0.00
507, 1.00
508, 0.00
509, 0.00
510, 0.00
511, 1.00
512, 0.00
513, 0.00
514, 0.00
515, 1.00
516, 0.00
517, 1.00
518, 0.00
519, 0.00
520, 0.00
521, 1.00
522, 0.00
523, 1.00
524, 1.00
525, 0.00
526, 0.00
527, 1.00
528, 1.00
529, 0.00
530, 0.00
531, 1.00
532, 0.00
533, 1.00
534, 0.00
535, 0.00
536, 0.00
537, 0.00
538, 1.00
539, 0.00
540, 1.00
541, 0.00
542, 1.00
543, 1.00
544, 1.00
545, 0.00
546, 1.00
547, 0.00
548, 0.00
549, 0.00
550, 0.00
551, 0.00
552, 1.00
553, 0.00
554, 1.00
555, 0.00
556, 0.00
557, 1.00
558, 1.00
559, 1.00
560, 1.00
561, 0.00
562, 1.00
563, 1.00
564, 0.00
565, 1.00
566, 0.00
567, 1.00
568, 0.00
569, 1.00
570, 0.00
571, 0.00
572, 1.00
573, 0.00
574, 1.00
575, 1.00
576, 1.00
577, 1.00
578, 1.00
579, 1.00
580, 0.00
581, 1.00
582, 0.00
583, 0.00
584, 1.00
585, 1.00
586, 0.00
587, 1.00
588, 0.00
589, 0.00
590, 0.00
591, 0.00
592, 1.00
593, 1.00
594, 0.00
595, 1.00
596, 0.00
597, 1.00
598, 0.00
599, 1.00
600, 1.00
601, 1.00
602, 1.00
603, 0.00
604, 1.00
605, 0.00
606, 0.00
607, 0.00
608, 1.00
609, 1.00
610, 0.00
611, 1.00
612, 0.00
613, 0.00
614, 1.00
615, 0.00
616, 0.00
617, 0.00
618, 0.00
619, 0.00
620, 1.00
621, 1.00
622, 1.00
623, 0.00
624, 0.00
625, 0.00
626, 0.00
627, 1.00
628, 0.00
629, 1.00
630, 0.00
631, 0.00
632, 0.00
633, 1.00
634, 1.00
635, 0.00
636, 1.00
637, 1.00
638, 0.00
639, 1.00
640, 0.00
641, 1.00
642, 1.00
643, 1.00
644, 0.00
645, 0.00
646, 0.00
647, 0.00
648, 1.00
649, 1.00
650, 0.00
651, 1.00
652, 1.00
653, 1.00
654, 1.00
655, 0.00
656, 1.00
657, 0.00
658, 0.00
659, 0.00
660, 1.00
661, 1.00
662, 0.00
663, 0.00
664, 0.00
665, 0.00
666, 0.00
667, 1.00
668, 0.00
669, 1.00
670, 0.00
671, 0.00
672, 1.00
673, 1.00
674, 0.00
675, 1.00
676, 0.00
677, 0.00
678, 0.00
679, 1.00
680, 1.00
681, 1.00
682, 0.00
683, 0.00
684, 0.00
685, 1.00
686, 0.00
687, 0.00
688, 0.00
689, 0.00
690, 1.00
691, 1.00
692, 0.00
693, 0.00
694, 1.00
695, 0.00
696, 1.00
697, 1.00
698, 0.00
699, 0.00
700, 0.00
701, 0.00
702, 0.00
703, 1.00
704, 0.00
705, 0.00
706, 0.00
707, 0.00
708, 0.00
709, 0.00
710, 1.00
711, 0.00
712, 0.00
713, 0.00
714, 1.00
715, 0.00
716, 0.00
717, 0.00
718, 0.00
719, 0.00
720, 0.00
721, 1.00
722, 0.00
723, 0.00
724, 0.00
725, 0.00
726, 0.00
727, 0.00
728, 0.00
729, 0.00
730, 0.00
731, 0.00
732, 0.00
733, 1.00
734, 0.00
735, 0.00
736, 1.00
737, 0.00
738, 0.00
739, 0.00
740, 0.00
741, 0.00
742, 0.00
743, 0.00
744, 1.00
745, 0.00
746, 0.00
747, 0.00
748, 0.00
749, 1.00
750, 1.00
751, 0.00
752, 0.00
753, 1.00
754, 0.00
755, 0.00
756, 0.00
757, 1.00
758, 0.00
759, 1.00
760, 0.00
761, 0.00
762, 1.00
763, 0.00
764, 0.00
765, 0.00
766, 1.00
767, 0.00
768, 0.00
769, 0.00
770, 1.00
771, 1.00
772, 0.00
773, 1.00
774, 1.00
775, 1.00
776, 1.00
777, 1.00
778, 1.00
779, 0.00
780, 0.00
781, 0.00
782, 1.00
783, 0.00
784, 0.00
785, 0.00
786, 1.00
787, 0.00
788, 1.00
789, 0.00
790, 0.00
791, 1.00
792, 0.00
793, 0.00
794, 0.00
795, 0.00
796, 0.00
797, 0.00
798, 1.00
799, 1.00
800, 1.00
801, 1.00
802, 1.00
803, 1.00
804, 0.00
805, 0.00
806, 0.00
807, 1.00
808, 0.00
809, 0.00
810, 0.00
811, 0.00
812, 1.00
813, 0.00
814, 0.00
815, 0.00
816, 1.00
817, 0.00
818, 1.00
819, 0.00
820, 1.00
821, 0.00
822, 1.00
823, 0.00
824, 0.00
825, 0.00
826, 1.00
827, 1.00
828, 1.00
829, 1.00
830, 0.00
831, 0.00
832, 0.00
833, 1.00
834, 1.00
835, 0.00
836, 1.00
837, 0.00
838, 1.00
839, 1.00
840, 0.00
841, 0.00
842, 0.00
843, 1.00
844, 0.00
845, 0.00
846, 1.00
847, 0.00
848, 0.00
849, 0.00
850, 0.00
851, 0.00
852, 0.00
853, 1.00
854, 1.00
855, 1.00
856, 0.00
857, 0.00
858, 0.00
859, 1.00
860, 1.00
861, 0.00
862, 1.00
863, 0.00
864, 1.00
865, 0.00
866, 0.00
867, 0.00
868, 1.00
869, 0.00
870, 0.00
871, 1.00
872, 1.00
873, 1.00
874, 0.00
875, 0.00
876, 0.00
877, 0.00
878, 0.00
879, 1.00
880, 1.00
881, 0.00
882, 0.00
883, 0.00
884, 0.00
885, 0.00
886, 1.00
887, 1.00
888, 1.00
889, 0.00
890, 1.00
891, 0.00
892, 1.00
893, 0.00
894, 1.00
895, 1.00
896, 1.00
897, 0.00
898, 1.00
899, 0.00
900, 0.00
901, 1.00
902, 1.00
903, 0.00
904, 1.00
905, 1.00
906, 0.00
907, 1.00
908, 0.00
909, 0.00
910, 1.00
911, 1.00
912, 0.00
913, 0.00
914, 0.00
915, 0.00
916, 0.00
917, 1.00
918, 0.00
919, 1.00
920, 1.00
921, 1.00
922, 0.00
923, 1.00
924, 1.00
925, 0.00
926, 0.00
927, 1.00
928, 0.00
929, 1.00
930, 0.00
931, 0.00
932, 0.00
933, 0.00
934, 1.00
935, 0.00
936, 1.00
937, 0.00
938, 0.00
939, 0.00
940, 1.00
941, 0.00
942, 0.00
943, 1.00
944, 0.00
945, 0.00
946, 0.00
947, 1.00
948, 0.00
949, 0.00
950, 0.00
951, 0.00
952, 0.00
953, 1.00
954, 0.00
955, 0.00
956, 0.00
957, 1.00
958, 0.00
959, 0.00
960, 0.00
961, 1.00
962, 1.00
963, 1.00
964, 0.00
965, 0.00
966, 0.00
967, 0.00
968, 0.00
969, 1.00
970, 0.00
971, 0.00
972, 0.00
973, 0.00
974, 0.00
975, 1.00
976, 1.00
977, 1.00
978, 0.00
979, 0.00
980, 1.00
981, 0.00
982, 1.00
983, 1.00
984, 1.00
985, 0.00
986, 0.00
987, 1.00
988, 1.00
989, 1.00
990, 0.00
991, 0.00
992, 0.00
993, 0.00
994, 0.00
995, 0.00
996, 1.00
997, 0.00
998, 0.00
999, 1.00
1000, 0.00
1001, 0.00
1002, 0.00
1003, 1.00
1004, 1.00
1005, 0.00
1006, 0.00
1007, 1.00
1008, 1.00
1009, 0.00
1010, 0.00
1011, 0.00
1012, 0.00
1013, 1.00
1014, 0.00
1015, 0.00
1016, 1.00
1017, 0.00
1018, 1.00
1019, 1.00
1020, 0.00
1021, 1.00
1022, 1.00
1023, 0.00
1024, 0.00
1025, 0.00
1026, 1.00
1027, 1.00
1028, 1.00
1029, 0.00
1030, 0.00
1031, 1.00
1032, 0.00
1033, 1.00
1034, 1.00
1035, 1.00
1036, 1.00
1037, 1.00
1038, 0.00
1039, 1.00
1040, 1.00
1041, 1.00
1042, 1.00
1043, 0.00
1044, 0.00
1045, 1.00
1046, 0.00
1047, 0.00
1048, 0.00
1049, 0.00
1050, 0.00
1051, 1.00
1052, 1.00
1053, 0.00
1054, 0.00
1055, 1.00
1056, 0.00
1057, 0.00
1058, 1.00
1059, 0.00
1060, 1.00
1061, 0.00
1062, 1.00
1063, 1.00
1064, 1.00
1065, 0.00
1066, 1.00
1067, 0.00
1068, 0.00
1069, 0.00
1070, 1.00
1071, 0.00
1072, 1.00
1073, 1.00
1074, 0.00
1075, 0.00
1076, 0.00
1077, 0.00
1078, 0.00
1079, 0.00
1080, 0.00
1081, 0.00
1082, 0.00
1083, 1.00
1084, 1.00
1085, 1.00
1086, 0.00
1087, 0.00
1088, 1.00
1089, 1.00
1090, 0.00
1091, 1.00
1092, 0.00
1093, 0.00
1094, 0.00
1095, 1.00
1096, 0.00
1097, 0.00
1098, 1.00
1099, 0.00
1100, 1.00
1101, 0.00
1102, 0.00
1103, 0.00
1104, 0.00
1105, 0.00
1106, 0.00
1107, 0.00
1108, 0.00
1109, 0.00
1110, 1.00
1111, 0.00
1112, 1.00
1113, 1.00
1114, 1.00
1115, 1.00
1116, 0.00
1117, 0.00
1118, 1.00
1119, 1.00
1120, 1.00
1121, 1.00
1122, 0.00
1123, 1.00
1124, 1.00
1125, 0.00
1126, 0.00
1127, 0.00
1128, 1.00
1129, 0.00
1130, 0.00
1131, 1.00
1132, 0.00
1133, 0.00
1134, 0.00
1135, 0.00
1136, 0.00
1137, 0.00
1138, 0.00
1139, 0.00
1140, 1.00
1141, 0.00
1142, 0.00
1143, 1.00
1144, 1.00
1145, 0.00
1146, 0.00
1147, 0.00
1148, 1.00
1149, 1.00
1150, 1.00
1151, 0.00
1152, 1.00
1153, 0.00
1154, 0.00
1155, 0.00
1156, 0.00
1157, 0.00
1158, 0.00
1159, 1.00
1160, 1.00
1161, 1.00
1162, 0.00
1163, 0.00
1164, 0.00
1165, 1.00
1166, 0.00
1167, 0.00
1168, 1.00
1169, 0.00
1170, 0.00
1171, 0.00
1172, 1.00
1173, 0.00
1174, 1.00
1175, 0.00
1176, 1.00
1177, 0.00
1178, 0.00
1179, 0.00
1180, 0.00
1181, 0.00
1182, 0.00
1183, 1.00
1184, 1.00
1185, 1.00
1186, 1.00
1187, 1.00
1188, 1.00
1189, 0.00
1190, 0.00
1191, 1.00
1192, 0.00
1193, 1.00
1194, 0.00
1195, 0.00
1196, 0.00
1197, 0.00
1198, 1.00
1199, 1.00
1200, 0.00
1201, 0.00
1202, 0.00
1203, 1.00
1204, 1.00
1205, 0.00
1206, 0.00
1207, 1.00
1208, 0.00
1209, 0.00
1210, 1.00
1211, 1.00
1212, 1.00
1213, 1.00
1214, 0.00
1215, 1.00
1216, 0.00
1217, 0.00
1218, 0.00
1219, 1.00
1220, 0.00
1221, 1.00
1222, 1.00
1223, 1.00
1224, 1.00
1225, 0.00
1226, 0.00
1227, 0.00
1228, 1.00
1229, 0.00
1230, 1.00
1231, 0.00
1232, 1.00
1233, 0.00
1234, 1.00
1235, 0.00
1236, 1.00
1237, 0.00
1238, 1.00
1239, 0.00
1240, 0.00
1241, 0.00
1242, 0.00
1243, 1.00
1244, 0.00
1245, 1.00
1246, 0.00
1247, 0.00
1248, 1.00
1249, 0.00
1250, 1.00
1251, 1.00
1252, 1.00
1253, 1.00
1254, 0.00
1255, 1.00
1256, 1.00
1257, 1.00
1258, 1.00
1259, 0.00
1260, 0.00
1261, 1.00
1262, 0.00
1263, 1.00
1264, 1.00
1265, 1.00
1266, 1.00
1267, 0.00
1268, 0.00
1269, 0.00
1270, 0.00
1271, 0.00
1272, 1.00
1273, 1.00
1274, 0.00
1275, 0.00
1276, 0.00
1277, 0.00
1278, 0.00
1279, 1.00
1280, 0.00
1281, 0.00
1282, 0.00
1283, 1.00
1284, 1.00
1285, 1.00
1286, 1.00
1287, 1.00
1288, 1.00
1289, 0.00
1290, 1.00
1291, 1.00
1292, 0.00
1293, 1.00
1294, 1.00
1295, 1.00
1296, 0.00
1297, 0.00
1298, 0.00
1299, 1.00
1300, 0.00
1301, 1.00
1302, 0.00
1303, 1.00
1304, 0.00
1305, 1.00
1306, 1.00
1307, 0.00
1308, 0.00
1309, 0.00
1310, 0.00
1311, 0.00
1312, 0.00
1313, 0.00
1314, 0.00
1315, 1.00
1316, 0.00
1317, 0.00
1318, 1.00
1319, 0.00
1320, 0.00
1321, 0.00
1322, 0.00
1323, 1.00
1324, 0.00
1325, 0.00
1326, 0.00
1327, 0.00
1328, 1.00
1329, 1.00
1330, 0.00
1331, 0.00
1332, 1.00
1333, 0.00
1334, 1.00
1335, 1.00
1336, 0.00
1337, 0.00
1338, 0.00
1339, 1.00
1340, 0.00
1341, 0.00
1342, 0.00
1343, 0.00
1344, 0.00
1345, 1.00
1346, 0.00
1347, 0.00
1348, 0.00
1349, 0.00
1350, 0.00
1351, 0.00
1352, 0.00
1353, 0.00
1354, 1.00
1355, 1.00
1356, 0.00
1357, 0.00
1358, 1.00
1359, 0.00
1360, 0.00
1361, 0.00
1362, 1.00
1363, 0.00
1364, 1.00
1365, 0.00
1366, 0.00
1367, 1.00
1368, 0.00
1369, 1.00
1370, 1.00
1371, 0.00
1372, 1.00
1373, 0.00
1374, 0.00
1375, 1.00
1376, 0.00
1377, 0.00
1378, 1.00
1379, 1.00
1380, 1.00
1381, 0.00
1382, 0.00
1383, 0.00
1384, 1.00
1385, 1.00
1386, 1.00
1387, 0.00
1388, 0.00
1389, 0.00
1390, 1.00
1391, 0.00
1392, 0.00
1393, 0.00
1394, 1.00
1395, 0.00
1396, 1.00
1397, 0.00
1398, 0.00
1399, 1.00
1400, 0.00
1401, 0.00
1402, 0.00
1403, 0.00
1404, 0.00
1405, 0.00
1406, 0.00
1407, 0.00
1408, 0.00
1409, 1.00
1410, 1.00
1411, 0.00
1412, 1.00
1413, 0.00
1414, 0.00
1415, 0.00
1416, 0.00
1417, 0.00
1418, 0.00
1419, 0.00
1420, 1.00
1421, 0.00
1422, 0.00
1423, 0.00
1424, 1.00
1425, 1.00
1426, 1.00
1427, 0.00
1428, 1.00
1429, 0.00
1430, 1.00
1431, 0.00
1432, 1.00
1433, 1.00
1434, 1.00
1435, 0.00
1436, 1.00
1437, 0.00
1438, 0.00
1439, 1.00
1440, 0.00
1441, 0.00
1442, 0.00
1443, 0.00
1444, 1.00
1445, 0.00
1446, 0.00
1447, 0.00
1448, 0.00
1449, 0.00
1450, 1.00
1451, 1.00
1452, 1.00
1453, 1.00
1454, 0.00
1455, 0.00
1456, 0.00
1457, 1.00
1458, 0.00
1459, 0.00
1460, 0.00
1461, 0.00
1462, 0.00
1463, 0.00
1464, 1.00
1465, 0.00
1466, 1.00
1467, 0.00
1468, 1.00
1469, 0.00
1470, 0.00
1471, 0.00
1472, 0.00
1473, 0.00
1474, 0.00
1475, 1.00
1476, 0.00
1477, 0.00
1478, 0.00
1479, 0.00
1480, 1.00
1481, 1.00
1482, 0.00
1483, 1.00
1484, 1.00
1485, 0.00
1486, 0.00
1487, 1.00
1488, 0.00
1489, 1.00
1490, 0.00
1491, 1.00
1492, 1.00
1493, 0.00
1494, 1.00
1495, 1.00
1496, 0.00
1497, 1.00
1498, 0.00
1499, 1.00
1500, 1.00
1501, 1.00
1502, 0.00
1503, 1.00
1504, 0.00
1505, 1.00
1506, 1.00
1507, 0.00
1508, 1.00
1509, 0.00
1510, 0.00
1511, 1.00
1512, 0.00
1513, 0.00
1514, 0.00
1515, 0.00
1516, 0.00
1517, 1.00
1518, 1.00
1519, 0.00
1520, 0.00
1521, 0.00
1522, 0.00
1523, 0.00
1524, 0.00
1525, 1.00
1526, 0.00
1527, 0.00
1528, 1.00
1529, 1.00
1530, 0.00
1531, 1.00
1532, 0.00
1533, 1.00
1534, 1.00
1535, 1.00
1536, 1.00
1537, 1.00
1538, 1.00
1539, 0.00
1540, 1.00
1541, 1.00
1542, 1.00
1543, 0.00
1544, 0.00
1545, 0.00
1546, 1.00
1547, 0.00
1548, 1.00
1549, 1.00
1550, 0.00
1551, 1.00
1552, 1.00
1553, 0.00
1554, 0.00
1555, 0.00
1556, 0.00
1557, 1.00
1558, 0.00
1559, 0.00
1560, 1.00
1561, 0.00
1562, 0.00
1563, 0.00
1564, 1.00
1565, 1.00
1566, 0.00
1567, 0.00
1568, 0.00
1569, 1.00
1570, 1.00
1571, 1.00
1572, 1.00
1573, 0.00
1574, 0.00
1575, 0.00
1576, 1.00
1577, 1.00
1578, 1.00
1579, 0.00
1580, 0.00
1581, 0.00
1582, 0.00
1583, 1.00
1584, 0.00
1585, 0.00
1586, 0.00
1587, 0.00
1588, 1.00
1589, 1.00
1590, 0.00
1591, 1.00
1592, 1.00
1593, 0.00
1594, 0.00
1595, 0.00
1596, 1.00
1597, 0.00
1598, 1.00
1599, 1.00
1600, 0.00
1601, 0.00
1602, 1.00
1603, 0.00
1604, 0.00
1605, 0.00
1606, 1.00
1607, 1.00
1608, 0.00
1609, 0.00
1610, 1.00
1611, 0.00
1612, 0.00
1613, 0.00
1614, 1.00
1615, 1.00
1616, 0.00
1617, 0.00
1618, 1.00
1619, 0.00
1620, 1.00
1621, 0.00
1622, 1.00
1623, 1.00
1624, 1.00
1625, 0.00
1626, 0.00
1627, 1.00
1628, 1.00
1629, 0.00
1630, 1.00
1631, 1.00
1632, 1.00
1633, 0.00
1634, 0.00
1635, 0.00
1636, 1.00
1637, 0.00
1638, 1.00
1639, 0.00
1640, 0.00
1641, 0.00
1642, 1.00
1643, 1.00
1644, 1.00
1645, 0.00
1646, 0.00
1647, 1.00
1648, 1.00
1649, 0.00
1650, 1.00
1651, 0.00
1652, 0.00
1653, 1.00
1654, 0.00
1655, 1.00
1656, 0.00
1657, 0.00
1658, 0.00
1659, 0.00
1660, 1.00
1661, 0.00
1662, 0.00
1663, 1.00
1664, 1.00
1665, 1.00
1666, 0.00
1667, 0.00
1668, 0.00
1669, 1.00
1670, 0.00
1671, 1.00
1672, 0.00
1673, 1.00
1674, 1.00
1675, 0.00
1676, 0.00
1677, 1.00
1678, 1.00
1679, 1.00
1680, 1.00
1681, 1.00
1682, 1.00
1683, 0.00
1684, 0.00
1685, 1.00
1686, 1.00
1687, 1.00
1688, 0.00
1689, 0.00
1690, 0.00
1691, 1.00
1692, 0.00
1693, 0.00
1694, 0.00
1695, 1.00
1696, 0.00
1697, 1.00
1698, 0.00
1699, 0.00
1700, 0.00
1701, 1.00
1702, 1.00
1703, 1.00
1704, 0.00
1705, 0.00
1706, 1.00
1707, 0.00
1708, 0.00
1709, 0.00
1710, 0.00
1711, 0.00
1712, 0.00
1713, 0.00
1714, 1.00
1715, 1.00
1716, 1.00
1717, 1.00
1718, 0.00
1719, 0.00
1720, 0.00
1721, 0.00
1722, 0.00
1723, 0.00
1724, 0.00
1725, 1.00
1726, 1.00
1727, 0.00
1728, 0.00
1729, 1.00
1730, 0.00
1731, 0.00
1732, 1.00
1733, 1.00
1734, 0.00
1735, 0.00
1736, 1.00
1737, 0.00
1738, 1.00
1739, 1.00
1740, 1.00
1741, 0.00
1742, 0.00
1743, 0.00
1744, 0.00
1745, 0.00
1746, 0.00
1747, 0.00
1748, 0.00
1749, 0.00
1750, 0.00
1751, 0.00
1752, 0.00
1753, 1.00
1754, 1.00
1755, 1.00
1756, 0.00
1757, 1.00
1758, 0.00
1759, 1.00
1760, 1.00
1761, 1.00
1762, 0.00
1763, 0.00
1764, 1.00
1765, 1.00
1766, 0.00
1767, 1.00
1768, 0.00
1769, 0.00
1770, 0.00
1771, 1.00
1772, 0.00
1773, 0.00
1774, 1.00
1775, 0.00
1776, 0.00
1777, 0.00
1778, 1.00
1779, 0.00
1780, 1.00
1781, 0.00
1782, 0.00
1783, 0.00
1784, 0.00
1785, 1.00
1786, 0.00
1787, 1.00
1788, 1.00
1789, 0.00
1790, 1.00
1791, 0.00
1792, 1.00
1793, 1.00
1794, 0.00
1795, 0.00
1796, 0.00
1797, 1.00
1798, 0.00
1799, 1.00
1800, 1.00
1801, 0.00
1802, 0.00
1803, 1.00
1804, 0.00
1805, 0.00
1806, 1.00
1807, 1.00
1808, 0.00
1809, 0.00
1810, 1.00
1811, 0.00
1812, 0.00
1813, 1.00
1814, 1.00
1815, 0.00
1816, 0.00
1817, 1.00
1818, 1.00
1819, 0.00
1820, 0.00
1821, 0.00
1822, 0.00
1823, 0.00
1824, 0.00
1825, 0.00
1826, 0.00
1827, 0.00
1828, 0.00
1829, 1.00
1830, 0.00
1831, 0.00
1832, 0.00
1833, 1.00
1834, 1.00
1835, 0.00
1836, 1.00
1837, 0.00
1838, 0.00
1839, 0.00
1840, 0.00
1841, 0.00
1842, 0.00
1843, 0.00
1844, 0.00
1845, 1.00
1846, 1.00
1847, 0.00
1848, 1.00
1849, 0.00
1850, 0.00
1851, 0.00
1852, 0.00
1853, 1.00
1854, 1.00
1855, 0.00
1856, 1.00
1857, 0.00
1858, 0.00
1859, 0.00
1860, 0.00
1861, 0.00
1862, 1.00
1863, 0.00
1864, 0.00
1865, 1.00
1866, 1.00
1867, 1.00
1868, 0.00
1869, 1.00
1870, 0.00
1871, 0.00
1872, 1.00
1873, 1.00
1874, 0.00
1875, 1.00
1876, 1.00
1877, 1.00
1878, 0.00
1879, 1.00
1880, 1.00
1881, 1.00
1882, 1.00
1883, 0.00
1884, 1.00
1885, 0.00
1886, 0.00
1887, 0.00
1888, 0.00
1889, 1.00
1890, 0.00
1891, 1.00
1892, 1.00
1893, 0.00
1894, 0.00
1895, 1.00
1896, 0.00
1897, 0.00
1898, 0.00
1899, 1.00
1900, 0.00
1901, 0.00
1902, 1.00
1903, 0.00
1904, 0.00
1905, 1.00
1906, 1.00
1907, 1.00
1908, 1.00
1909, 1.00
1910, 0.00
1911, 0.00
1912, 1.00
1913, 0.00
1914, 1.00
1915, 0.00
1916, 1.00
1917, 1.00
1918, 0.00
1919, 1.00
1920, 0.00
1921, 1.00
1922, 1.00
1923, 0.00
1924, 1.00
1925, 0.00
1926, 0.00
1927, 1.00
1928, 0.00
1929, 0.00
1930, 0.00
1931, 0.00
1932, 0.00
1933, 1.00
1934, 1.00
1935, 0.00
1936, 0.00
1937, 0.00
1938, 1.00
1939, 0.00
1940, 1.00
1941, 0.00
1942, 0.00
1943, 0.00
1944, 1.00
1945, 0.00
1946, 1.00
1947, 0.00
1948, 0.00
1949, 1.00
1950, 0.00
1951, 0.00
1952, 1.00
1953, 1.00
1954, 1.00
1955, 1.00
1956, 1.00
1957, 0.00
1958, 0.00
1959, 1.00
1960, 0.00
1961, 1.00
1962, 1.00
1963, 0.00
1964, 1.00
1965, 0.00
1966, 0.00
1967, 0.00
1968, 0.00
1969, 1.00
1970, 1.00
1971, 1.00
1972, 1.00
1973, 0.00
1974, 0.00
1975, 1.00
1976, 0.00
1977, 1.00
1978, 0.00
1979, 1.00
1980, 1.00
1981, 1.00
1982, 0.00
1983, 0.00
1984, 0.00
1985, 0.00
1986, 1.00
1987, 0.00
1988, 1.00
1989, 0.00
1990, 1.00
1991, 0.00
1992, 1.00
1993, 0.00
1994, 1.00
1995, 0.00
1996, 1.00
1997, 0.00
1998, 1.00
1999, 0.00
2000, 0.00
2001, 0.00
2002, 0.00
2003, 0.00
2004, 1.00
2005, 1.00
2006, 0.00
2007, 1.00
2008, 0.00
2009, 0.00
2010, 1.00
2011, 1.00
2012, 1.00
2013, 0.00
2014, 1.00
2015, 1.00
2016, 1.00
2017, 0.00
2018, 1.00
2019, 0.00
2020, 0.00
2021, 0.00
2022, 0.00
2023, 0.00
2024, 0.00
2025, 0.00
2026, 0.00
2027, 1.00
2028, 1.00
2029, 1.00
2030, 0.00
2031, 1.00
2032, 0.00
2033, 0.00
2034, 0.00
2035, 1.00
2036, 0.00
2037, 0.00
2038, 1.00
2039, 0.00
2040, 0.00
2041, 0.00
2042, 1.00
2043, 0.00
2044, 0.00
2045, 0.00
2046, 1.00
2047, 0.00
2048, 1.00
2049, 0.00
2050, 0.00
2051, 0.00
2052, 0.00
2053, 1.00
2054, 0.00
2055, 0.00
2056, 1.00
2057, 0.00
2058, 0.00
2059, 0.00
2060, 0.00
2061, 0.00
2062, 0.00
2063, 1.00
2064, 0.00
2065, 1.00
2066, 0.00
2067, 1.00
2068, 0.00
2069, 0.00
2070, 1.00
2071, 0.00
2072, 0.00
2073, 0.00
2074, 0.00
2075, 1.00
2076, 1.00
2077, 0.00
2078, 0.00
2079, 0.00
2080, 1.00
2081, 1.00
2082, 1.00
2083, 0.00
2084, 1.00
2085, 0.00
2086, 0.00
2087, 1.00
2088, 1.00
2089, 1.00
2090, 1.00
2091, 1.00
2092, 1.00
2093, 0.00
2094, 0.00
2095, 0.00
2096, 0.00
2097, 0.00
2098, 0.00
2099, 0.00
2100, 0.00
2101, 0.00
2102, 1.00
2103, 0.00
2104, 0.00
2105, 1.00
2106, 1.00
2107, 1.00
2108, 0.00
2109, 1.00
2110, 1.00
2111, 0.00
2112, 0.00
2113, 0.00
2114, 0.00
2115, 1.00
2116, 0.00
2117, 1.00
2118, 0.00
2119, 0.00
2120, 1.00
2121, 0.00
2122, 0.00
2123, 0.00
2124, 1.00
2125, 1.00
2126, 1.00
2127, 1.00
2128, 1.00
2129, 1.00
2130, 1.00
2131, 0.00
2132, 0.00
2133, 1.00
2134, 1.00
2135, 1.00
2136, 0.00
2137, 1.00
2138, 1.00
2139, 0.00
2140, 0.00
2141, 1.00
2142, 0.00
2143, 0.00
2144, 0.00
2145, 1.00
2146, 1.00
2147, 0.00
2148, 1.00
2149, 0.00
2150, 0.00
2151, 1.00
2152, 1.00
2153, 0.00
2154, 1.00
2155, 1.00
2156, 0.00
2157, 0.00
2158, 1.00
2159, 1.00
2160, 1.00
2161, 1.00
2162, 1.00
2163, 0.00
2164, 0.00
2165, 0.00
2166, 1.00
2167, 1.00
2168, 1.00
2169, 0.00
2170, 0.00
2171, 0.00
2172, 0.00
2173, 0.00
2174, 0.00
2175, 0.00
2176, 0.00
2177, 0.00
2178, 0.00
2179, 0.00
2180, 1.00
2181, 0.00
2182, 1.00
2183, 1.00
2184, 0.00
2185, 1.00
2186, 1.00
2187, 0.00
2188, 1.00
2189, 0.00
2190, 0.00
2191, 0.00
2192, 0.00
2193, 1.00
2194, 0.00
2195, 0.00
2196, 1.00
2197, 0.00
2198, 1.00
2199, 0.00
2200, 1.00
2201, 1.00
2202, 1.00
2203, 1.00
2204, 1.00
2205, 0.00
2206, 0.00
2207, 0.00
2208, 0.00
2209, 0.00
2210, 1.00
2211, 0.00
2212, 1.00
2213, 1.00
2214, 0.00
2215, 1.00
2216, 0.00
2217, 1.00
2218, 0.00
2219, 0.00
2220, 1.00
2221, 0.00
2222, 0.00
2223, 0.00
2224, 0.00
2225, 1.00
2226, 0.00
2227, 1.00
2228, 0.00
2229, 1.00
2230, 0.00
2231, 1.00
2232, 1.00
2233, 0.00
2234, 0.00
2235, 1.00
2236, 0.00
2237, 0.00
2238, 0.00
2239, 0.00
2240, 1.00
2241, 0.00
2242, 1.00
2243, 1.00
2244, 0.00
2245, 0.00
2246, 1.00
2247, 0.00
2248, 0.00
2249, 1.00
2250, 1.00
2251, 0.00
2252, 1.00
2253, 0.00
2254, 0.00
2255, 1.00
2256, 0.00
2257, 0.00
2258, 0.00
2259, 0.00
2260, 1.00
2261, 1.00
2262, 1.00
2263, 0.00
2264, 0.00
2265, 0.00
2266, 1.00
2267, 0.00
2268, 1.00
2269, 1.00
2270, 0.00
2271, 0.00
2272, 1.00
2273, 0.00
2274, 0.00
2275, 1.00
2276, 0.00
2277, 0.00
2278, 1.00
2279, 0.00
2280, 1.00
2281, 1.00
2282, 0.00
2283, 0.00
2284, 1.00
2285, 1.00
2286, 1.00
2287, 0.00
2288, 0.00
2289, 1.00
2290, 1.00
2291, 0.00
2292, 1.00
2293, 1.00
2294, 1.00
2295, 1.00
2296, 1.00
2297, 1.00
2298, 0.00
2299, 0.00
2300, 1.00
2301, 0.00
2302, 0.00
2303, 0.00
2304, 0.00
2305, 1.00
2306, 0.00
2307, 1.00
2308, 1.00
2309, 1.00
2310, 0.00
2311, 1.00
2312, 0.00
2313, 0.00
2314, 0.00
2315, 1.00
2316, 0.00
2317, 1.00
2318, 1.00
2319, 0.00
2320, 1.00
2321, 0.00
2322, 0.00
2323, 0.00
2324, 0.00
2325, 1.00
2326, 0.00
2327, 0.00
2328, 0.00
2329, 0.00
2330, 0.00
2331, 1.00
2332, 0.00
2333, 1.00
2334, 0.00
2335, 0.00
2336, 1.00
2337, 0.00
2338, 1.00
2339, 1.00
2340, 0.00
2341, 0.00
2342, 0.00
2343, 1.00
2344, 0.00
2345, 0.00
2346, 1.00
2347, 0.00
2348, 0.00
2349, 0.00
2350, 0.00
2351, 1.00
2352, 0.00
2353, 0.00
2354, 1.00
2355, 1.00
2356, 0.00
2357, 1.00
2358, 0.00
2359, 0.00
2360, 0.00
2361, 1.00
2362, 1.00
2363, 1.00
2364, 1.00
2365, 1.00
2366, 1.00
2367, 0.00
2368, 0.00
2369, 0.00
2370, 0.00
2371, 1.00
2372, 0.00
2373, 0.00
2374, 0.00
2375, 1.00
2376, 0.00
2377, 0.00
2378, 1.00
2379, 1.00
2380, 0.00
2381, 0.00
2382, 0.00
2383, 0.00
2384, 0.00
2385, 1.00
2386, 0.00
2387, 1.00
2388, 0.00
2389, 1.00
2390, 1.00
2391, 0.00
2392, 1.00
2393, 0.00
2394, 0.00
2395, 0.00
2396, 0.00
2397, 0.00
2398, 1.00
2399, 0.00
2400, 1.00
2401, 0.00
2402, 0.00
2403, 0.00
2404, 1.00
2405, 0.00
2406, 0.00
2407, 0.00
2408, 1.00
2409, 0.00
2410, 1.00
2411, 1.00
2412, 1.00
2413, 1.00
2414, 0.00
2415, 0.00
2416, 0.00
2417, 0.00
2418, 1.00
2419, 1.00
2420, 0.00
2421, 1.00
2422, 0.00
2423, 0.00
2424, 1.00
2425, 1.00
2426, 0.00
2427, 0.00
2428, 0.00
2429, 0.00
2430, 0.00
2431, 0.00
2432, 1.00
2433, 1.00
2434, 1.00
2435, 0.00
2436, 0.00
2437, 0.00
2438, 0.00
2439, 0.00
2440, 0.00
2441, 0.00
2442, 1.00
2443, 1.00
2444, 0.00
2445, 0.00
2446, 0.00
2447, 0.00
2448, 1.00
2449, 1.00
2450, 0.00
2451, 0.00
2452, 0.00
2453, 0.00
2454, 0.00
2455, 0.00
2456, 1.00
2457, 0.00
2458, 1.00
2459, 0.00
2460, 1.00
2461, 1.00
2462, 0.00
2463, 1.00
2464, 1.00
2465, 1.00
2466, 0.00
2467, 1.00
2468, 0.00
2469, 0.00
2470, 0.00
2471, 0.00
2472, 0.00
2473, 1.00
2474, 0.00
2475, 1.00
2476, 1.00
2477, 0.00
2478, 0.00
2479, 1.00
2480, 1.00
2481, 1.00
2482, 1.00
2483, 0.00
2484, 1.00
2485, 0.00
2486, 1.00
2487, 1.00
2488, 1.00
2489, 1.00
2490, 1.00
2491, 0.00
2492, 0.00
2493, 0.00
2494, 0.00
2495, 0.00
2496, 0.00
2497, 0.00
2498, 1.00
2499, 0.00
2500, 1.00
2501, 0.00
2502, 0.00
2503, 0.00
2504, 0.00
2505, 1.00
2506, 1.00
2507, 1.00
2508, 0.00
2509, 0.00
2510, 1.00
2511, 1.00
2512, 0.00
2513, 1.00
2514, 1.00
2515, 1.00
2516, 1.00
2517, 0.00
2518, 0.00
2519, 0.00
2520, 0.00
2521, 0.00
2522, 0.00
2523, 1.00
2524, 0.00
2525, 1.00
2526, 0.00
2527, 0.00
2528, 0.00
2529, 1.00
2530, 1.00
2531, 1.00
2532, 1.00
2533, 0.00
2534, 0.00
2535, 0.00
2536, 0.00
2537, 0.00
2538, 1.00
2539, 0.00
2540, 0.00
2541, 1.00
2542, 0.00
2543, 1.00
2544, 1.00
2545, 1.00
2546, 0.00
2547, 0.00
2548, 1.00
2549, 0.00
2550, 1.00
2551, 0.00
2552, 0.00
2553, 1.00
2554, 1.00
2555, 0.00
2556, 0.00
2557, 0.00
2558, 0.00
2559, 0.00
2560, 0.00
2561, 0.00
2562, 1.00
2563, 1.00
2564, 0.00
2565, 0.00
2566, 0.00
2567, 1.00
2568, 1.00
2569, 1.00
2570, 0.00
2571, 0.00
2572, 1.00
2573, 1.00
2574, 0.00
2575, 0.00
2576, 1.00
2577, 0.00
2578, 1.00
2579, 0.00
2580, 1.00
2581, 1.00
2582, 0.00
2583, 0.00
2584, 0.00
2585, 0.00
2586, 1.00
2587, 1.00
2588, 0.00
2589, 0.00
2590, 0.00
2591, 0.00
2592, 1.00
2593, 0.00
2594, 0.00
2595, 1.00
2596, 0.00
2597, 0.00
2598, 0.00
2599, 0.00
2600, 1.00
2601, 0.00
2602, 0.00
2603, 1.00
2604, 0.00
2605, 0.00
2606, 1.00
2607, 0.00
2608, 0.00
2609, 0.00
2610, 0.00
2611, 0.00
2612, 0.00
2613, 1.00
2614, 0.00
2615, 1.00
2616, 1.00
2617, 1.00
2618, 0.00
2619, 0.00
2620, 0.00
2621, 0.00
2622, 1.00
2623, 0.00
2624, 1.00
2625, 0.00
2626, 1.00
2627, 1.00
2628, 1.00
2629, 0.00
2630, 1.00
2631, 0.00
2632, 1.00
2633, 1.00
2634, 1.00
2635, 0.00
2636, 0.00
2637, 0.00
2638, 0.00
2639, 1.00
2640, 0.00
2641, 0.00
2642, 1.00
2643, 1.00
2644, 0.00
2645, 0.00
2646, 0.00
2647, 0.00
2648, 1.00
2649, 1.00
2650, 0.00
2651, 0.00
2652, 1.00
2653, 0.00
2654, 1.00
2655, 1.00
2656, 1.00
2657, 1.00
2658, 1.00
2659, 0.00
2660, 1.00
2661, 0.00
2662, 1.00
2663, 0.00
2664, 0.00
2665, 1.00
2666, 0.00
2667, 0.00
2668, 1.00
2669, 0.00
2670, 1.00
2671, 1.00
2672, 0.00
2673, 0.00
2674, 0.00
2675, 0.00
2676, 0.00
2677, 1.00
2678, 1.00
2679, 0.00
2680, 0.00
2681, 1.00
2682, 0.00
2683, 1.00
2684, 0.00
2685, 0.00
2686, 1.00
2687, 1.00
2688, 1.00
2689, 0.00
2690, 0.00
2691, 0.00
2692, 1.00
2693, 0.00
2694, 1.00
2695, 0.00
2696, 0.00
2697, 0.00
2698, 1.00
2699, 0.00
2700, 0.00
2701, 0.00
2702, 0.00
2703, 1.00
2704, 0.00
2705, 1.00
2706, 1.00
2707, 0.00
2708, 1.00
2709, 1.00
2710, 1.00
2711, 0.00
2712, 1.00
2713, 1.00
2714, 0.00
2715, 0.00
2716, 0.00
2717, 0.00
2718, 1.00
2719, 1.00
2720, 0.00
2721, 1.00
2722, 1.00
2723, 1.00
2724, 0.00
2725, 0.00
2726, 0.00
2727, 1.00
2728, 1.00
2729, 0.00
2730, 1.00
2731, 0.00
2732, 1.00
2733, 0.00
2734, 0.00
2735, 0.00
2736, 1.00
2737, 0.00
2738, 0.00
2739, 0.00
2740, 0.00
2741, 1.00
2742, 1.00
2743, 1.00
2744, 0.00
2745, 1.00
2746, 0.00
2747, 0.00
2748, 1.00
2749, 0.00
2750, 0.00
2751, 0.00
2752, 0.00
2753, 1.00
2754, 1.00
2755, 1.00
2756, 0.00
2757, 1.00
2758, 1.00
2759, 1.00
2760, 1.00
2761, 0.00
2762, 1.00
2763, 0.00
2764, 0.00
2765, 0.00
2766, 0.00
2767, 1.00
2768, 0.00
2769, 0.00
2770, 1.00
2771, 1.00
2772, 0.00
2773, 0.00
2774, 0.00
2775, 0.00
2776, 1.00
2777, 1.00
2778, 0.00
2779, 0.00
2780, 1.00
2781, 1.00
2782, 0.00
2783, 0.00
2784, 1.00
2785, 0.00
2786, 1.00
2787, 1.00
2788, 0.00
2789, 0.00
2790, 0.00
2791, 1.00
2792, 1.00
2793, 0.00
2794, 0.00
2795, 1.00
2796, 0.00
2797, 0.00
2798, 1.00
2799, 0.00
2800, 0.00
2801, 0.00
2802, 0.00
2803, 1.00
2804, 0.00
2805, 0.00
2806, 0.00
2807, 0.00
2808, 0.00
2809, 0.00
2810, 0.00
2811, 0.00
2812, 0.00
2813, 0.00
2814, 1.00
2815, 1.00
2816, 0.00
2817, 0.00
2818, 0.00
2819, 0.00
2820, 1.00
2821, 0.00
2822, 0.00
2823, 0.00
2824, 1.00
2825, 0.00
2826, 1.00
2827, 1.00
2828, 0.00
2829, 0.00
2830, 0.00
2831, 1.00
2832, 0.00
2833, 0.00
2834, 1.00
2835, 1.00
2836, 0.00
2837, 1.00
2838, 0.00
2839, 0.00
2840, 1.00
2841, 0.00
2842, 0.00
2843, 1.00
2844, 0.00
2845, 0.00
2846, 1.00
2847, 0.00
2848, 1.00
2849, 1.00
2850, 0.00
2851, 1.00
2852, 0.00
2853, 1.00
2854, 0.00
2855, 1.00
2856, 0.00
2857, 1.00
2858, 0.00
2859, 0.00
2860, 1.00
2861, 0.00
2862, 0.00
2863, 0.00
2864, 1.00
2865, 1.00
2866, 0.00
2867, 0.00
2868, 0.00
2869, 1.00
2870, 0.00
2871, 0.00
2872, 0.00
2873, 1.00
2874, 1.00
2875, 0.00
2876, 0.00
2877, 0.00
2878, 1.00
2879, 0.00
2880, 1.00
2881, 0.00
2882, 1.00
2883, 1.00
2884, 1.00
2885, 0.00
2886, 1.00
2887, 1.00
2888, 0.00
2889, 1.00
2890, 0.00
2891, 1.00
2892, 1.00
2893, 1.00
2894, 0.00
2895, 1.00
2896, 1.00
2897, 0.00
2898, 1.00
2899, 1.00
2900, 0.00
2901, 0.00
2902, 1.00
2903, 1.00
2904, 0.00
2905, 0.00
2906, 0.00
2907, 1.00
2908, 0.00
2909, 0.00
2910, 1.00
2911, 1.00
2912, 0.00
2913, 0.00
2914, 0.00
2915, 1.00
2916, 0.00
2917, 0.00
2918, 1.00
2919, 0.00
2920, 0.00
2921, 1.00
2922, 0.00
2923, 0.00
2924, 1.00
2925, 1.00
2926, 0.00
2927, 1.00
2928, 0.00
2929, 0.00
2930, 0.00
2931, 0.00
2932, 0.00
2933, 0.00
2934, 0.00
2935, 1.00
2936, 1.00
2937, 0.00
2938, 1.00
2939, 0.00
2940, 0.00
2941, 0.00
2942, 1.00
2943, 1.00
2944, 1.00
2945, 0.00
2946, 1.00
2947, 1.00
2948, 1.00
2949, 1.00
2950, 0.00
2951, 0.00
2952, 1.00
2953, 0.00
2954, 1.00
2955, 0.00
2956, 0.00
2957, 1.00
2958, 0.00
2959, 0.00
2960, 1.00
2961, 1.00
2962, 0.00
2963, 1.00
2964, 0.00
2965, 0.00
2966, 1.00
2967, 0.00
2968, 0.00
2969, 1.00
2970, 0.00
2971, 0.00
2972, 0.00
2973, 1.00
2974, 1.00
2975, 0.00
2976, 1.00
2977, 0.00
2978, 0.00
2979, 0.00
2980, 0.00
2981, 0.00
2982, 1.00
2983, 0.00
2984, 0.00
2985, 1.00
2986, 1.00
2987, 0.00
2988, 0.00
2989, 0.00
2990, 1.00
2991, 0.00
2992, 1.00
2993, 0.00
2994, 0.00
2995, 0.00
2996, 0.00
2997, 1.00
2998, 0.00
2999, 0.00
3000, 0.00
3001, 0.00
3002, 1.00
3003, 1.00
3004, 1.00
3005, 0.00
3006, 0.00
3007, 1.00
3008, 0.00
3009, 0.00
3010, 0.00
3011, 0.00
3012, 0.00
3013, 0.00
3014, 1.00
3015, 0.00
3016, 0.00
3017, 0.00
3018, 1.00
3019, 1.00
3020, 1.00
3021, 0.00
3022, 0.00
3023, 1.00
3024, 0.00
3025, 1.00
3026, 0.00
3027, 1.00
3028, 0.00
3029, 0.00
3030, 0.00
3031, 1.00
3032, 0.00
3033, 1.00
3034, 0.00
3035, 0.00
3036, 1.00
3037, 0.00
3038, 0.00
3039, 0.00
3040, 1.00
3041, 0.00
3042, 0.00
3043, 0.00
3044, 1.00
3045, 1.00
3046, 1.00
3047, 0.00
3048, 0.00
3049, 0.00
3050, 0.00
3051, 0.00
3052, 1.00
3053, 0.00
3054, 0.00
3055, 0.00
3056, 0.00
3057, 1.00
3058, 1.00
3059, 0.00
3060, 1.00
3061, 1.00
3062, 0.00
3063, 0.00
3064, 0.00
3065, 0.00
3066, 1.00
3067, 0.00
3068, 1.00
3069, 1.00
3070, 1.00
3071, 0.00
3072, 1.00
3073, 1.00
3074, 0.00
3075, 0.00
3076, 0.00
3077, 0.00
3078, 1.00
3079, 0.00
3080, 0.00
3081, 1.00
3082, 1.00
3083, 0.00
3084, 1.00
3085, 0.00
3086, 1.00
3087, 1.00
3088, 1.00
3089, 1.00
3090, 0.00
3091, 0.00
3092, 0.00
3093, 1.00
3094, 1.00
3095, 0.00
3096, 0.00
3097, 0.00
3098, 0.00
3099, 1.00
3100, 1.00
3101, 1.00
3102, 0.00
3103, 0.00
3104, 0.00
3105, 0.00
3106, 0.00
3107, 0.00
3108, 0.00
3109, 0.00
3110, 1.00
3111, 0.00
3112, 0.00
3113, 1.00
3114, 0.00
3115, 1.00
3116, 0.00
3117, 1.00
3118, 1.00
3119, 1.00
3120, 0.00
3121, 1.00
3122, 0.00
3123, 1.00
3124, 1.00
3125, 1.00
3126, 1.00
3127, 0.00
3128, 0.00
3129, 1.00
3130, 1.00
3131, 0.00
3132, 0.00
3133, 1.00
3134, 1.00
3135, 1.00
3136, 0.00
3137, 0.00
3138, 1.00
3139, 0.00
3140, 0.00
3141, 0.00
3142, 1.00
3143, 1.00
3144, 0.00
3145, 0.00
3146, 0.00
3147, 0.00
3148, 1.00
3149, 0.00
3150, 0.00
3151, 1.00
3152, 0.00
3153, 0.00
3154, 1.00
3155, 0.00
3156, 1.00
3157, 1.00
3158, 1.00
3159, 1.00
3160, 1.00
3161, 0.00
3162, 1.00
3163, 0.00
3164, 1.00
3165, 0.00
3166, 0.00
3167, 0.00
3168, 1.00
3169, 0.00
3170, 1.00
3171, 0.00
3172, 0.00
3173, 1.00
3174, 0.00
3175, 1.00
3176, 1.00
3177, 0.00
3178, 1.00
3179, 0.00
3180, 0.00
3181, 0.00
3182, 1.00
3183, 0.00
3184, 0.00
3185, 0.00
3186, 0.00
3187, 0.00
3188, 0.00
3189, 0.00
3190, 1.00
3191, 1.00
3192, 1.00
3193, 0.00
3194, 1.00
3195, 0.00
3196, 0.00
3197, 0.00
3198, 0.00
3199, 1.00
3200, 1.00
3201, 1.00
3202, 0.00
3203, 1.00
3204, 1.00
3205, 0.00
3206, 1.00
3207, 1.00
3208, 0.00
3209, 0.00
3210, 0.00
3211, 1.00
3212, 1.00
3213, 0.00
3214, 0.00
3215, 1.00
3216, 0.00
3217, 0.00
3218, 1.00
3219, 0.00
3220, 0.00
3221, 0.00
3222, 1.00
3223, 1.00
3224, 0.00
3225, 1.00
3226, 0.00
3227, 1.00
3228, 0.00
3229, 1.00
3230, 0.00
3231, 0.00
3232, 1.00
3233, 0.00
3234, 0.00
3235, 0.00
3236, 1.00
3237, 1.00
3238, 1.00
3239, 1.00
3240, 0.00
3241, 0.00
3242, 0.00
3243, 0.00
3244, 0.00
3245, 0.00
3246, 1.00
3247, 1.00
3248, 0.00
3249, 1.00
3250, 0.00
3251, 0.00
3252, 1.00
3253, 0.00
3254, 1.00
3255, 1.00
3256, 0.00
3257, 1.00
3258, 1.00
3259, 1.00
3260, 0.00
3261, 0.00
3262, 0.00
3263, 1.00
3264, 0.00
3265, 1.00
3266, 1.00
3267, 0.00
3268, 1.00
3269, 1.00
3270, 1.00
3271, 0.00
3272, 0.00
3273, 0.00
3274, 1.00
3275, 1.00
3276, 0.00
3277, 0.00
3278, 0.00
3279, 1.00
3280, 0.00
3281, 0.00
3282, 1.00
3283, 0.00
3284, 1.00
3285, 0.00
3286, 1.00
3287, 1.00
3288, 0.00
3289, 1.00
3290, 0.00
3291, 1.00
3292, 1.00
3293, 1.00
3294, 0.00
3295, 0.00
3296, 0.00
3297, 0.00
3298, 1.00
3299, 0.00
3300, 0.00
3301, 1.00
3302, 0.00
3303, 0.00
3304, 1.00
3305, 0.00
3306, 0.00
3307, 1.00
3308, 0.00
3309, 1.00
3310, 1.00
3311, 0.00
3312, 1.00
3313, 1.00
3314, 1.00
3315, 0.00
3316, 0.00
3317, 1.00
3318, 1.00
3319, 0.00
3320, 0.00
3321, 1.00
3322, 0.00
3323, 1.00
3324, 0.00
3325, 0.00
3326, 0.00
3327, 0.00
3328, 0.00
3329, 0.00
3330, 0.00
3331, 0.00
3332, 0.00
3333, 0.00
3334, 0.00
3335, 1.00
3336, 0.00
3337, 0.00
3338, 0.00
3339, 1.00
3340, 1.00
3341, 0.00
3342, 1.00
3343, 0.00
3344, 0.00
3345, 1.00
3346, 1.00
3347, 0.00
3348, 0.00
3349, 1.00
3350, 0.00
3351, 1.00
3352, 0.00
3353, 0.00
3354, 0.00
3355, 0.00
3356, 1.00
3357, 0.00
3358, 0.00
3359, 0.00
3360, 0.00
3361, 1.00
3362, 0.00
3363, 0.00
3364, 1.00
3365, 1.00
3366, 0.00
3367, 0.00
3368, 0.00
3369, 1.00
3370, 0.00
3371, 0.00
3372, 0.00
3373, 0.00
3374, 0.00
3375, 1.00
3376, 0.00
3377, 1.00
3378, 0.00
3379, 0.00
3380, 0.00
3381, 0.00
3382, 0.00
3383, 0.00
3384, 0.00
3385, 1.00
3386, 1.00
3387, 1.00
3388, 0.00
3389, 0.00
3390, 1.00
3391, 0.00
3392, 0.00
3393, 0.00
3394, 0.00
3395, 0.00
3396, 1.00
3397, 0.00
3398, 0.00
3399, 0.00
3400, 1.00
3401, 1.00
3402, 1.00
3403, 0.00
3404, 0.00
3405, 0.00
3406, 0.00
3407, 0.00
3408, 0.00
3409, 0.00
3410, 0.00
3411, 1.00
3412, 1.00
3413, 1.00
3414, 1.00
3415, 1.00
3416, 0.00
3417, 1.00
3418, 0.00
3419, 0.00
3420, 0.00
3421, 0.00
3422, 1.00
3423, 0.00
3424, 0.00
3425, 1.00
3426, 1.00
3427, 0.00
3428, 1.00
3429, 1.00
3430, 1.00
3431, 1.00
3432, 0.00
3433, 1.00
3434, 0.00
3435, 0.00
3436, 1.00
3437, 1.00
3438, 0.00
3439, 0.00
3440, 0.00
3441, 1.00
3442, 0.00
3443, 0.00
3444, 0.00
3445, 0.00
3446, 0.00
3447, 1.00
3448, 0.00
3449, 1.00
3450, 0.00
3451, 1.00
3452, 0.00
3453, 1.00
3454, 1.00
3455, 0.00
3456, 0.00
3457, 1.00
3458, 0.00
3459, 0.00
3460, 1.00
3461, 0.00
3462, 1.00
3463, 1.00
3464, 1.00
3465, 0.00
3466, 1.00
3467, 0.00
3468, 1.00
3469, 1.00
3470, 0.00
3471, 0.00
3472, 0.00
3473, 0.00
3474, 0.00
3475, 1.00
3476, 1.00
3477, 0.00
3478, 1.00
3479, 1.00
3480, 0.00
3481, 0.00
3482, 0.00
3483, 1.00
3484, 0.00
3485, 1.00
3486, 0.00
3487, 1.00
3488, 1.00
3489, 0.00
3490, 1.00
3491, 0.00
3492, 1.00
3493, 1.00
3494, 0.00
3495, 0.00
3496, 0.00
3497, 0.00
3498, 0.00
3499, 0.00
3500, 0.00
3501, 0.00
3502, 0.00
3503, 0.00
3504, 0.00
3505, 1.00
3506, 0.00
3507, 0.00
3508, 0.00
3509, 1.00
3510, 1.00
3511, 1.00
3512, 0.00
3513, 1.00
3514, 1.00
3515, 0.00
3516, 1.00
3517, 1.00
3518, 0.00
3519, 0.00
3520, 1.00
3521, 1.00
3522, 0.00
3523, 1.00
3524, 0.00
3525, 1.00
3526, 0.00
3527, 0.00
3528, 1.00
3529, 0.00
3530, 0.00
3531, 0.00
3532, 0.00
3533, 1.00
3534, 0.00
3535, 0.00
3536, 0.00
3537, 0.00
3538, 0.00
3539, 0.00
3540, 0.00
3541, 1.00
3542, 0.00
3543, 1.00
3544, 0.00
3545, 0.00
3546, 1.00
3547, 0.00
3548, 1.00
3549, 0.00
3550, 1.00
3551, 0.00
3552, 0.00
3553, 0.00
3554, 1.00
3555, 0.00
3556, 1.00
3557, 0.00
3558, 0.00
3559, 1.00
3560, 0.00
3561, 1.00
3562, 0.00
3563, 0.00
3564, 0.00
3565, 0.00
3566, 1.00
3567, 1.00
3568, 0.00
3569, 1.00
3570, 0.00
3571, 0.00
3572, 0.00
3573, 1.00
3574, 1.00
3575, 0.00
3576, 0.00
3577, 0.00
3578, 0.00
3579, 0.00
3580, 0.00
3581, 1.00
3582, 0.00
3583, 0.00
3584, 1.00
3585, 1.00
3586, 1.00
3587, 0.00
3588, 1.00
3589, 0.00
3590, 0.00
3591, 1.00
3592, 1.00
3593, 0.00
3594, 0.00
3595, 1.00
3596, 0.00
3597, 0.00
3598, 0.00
3599, 1.00
3600, 0.00
3601, 0.00
3602, 0.00
3603, 1.00
3604, 0.00
3605, 0.00
3606, 1.00
3607, 0.00
3608, 0.00
3609, 1.00
3610, 1.00
3611, 1.00
3612, 1.00
3613, 1.00
3614, 0.00
3615, 0.00
3616, 1.00
3617, 1.00
3618, 1.00
3619, 0.00
3620, 0.00
3621, 0.00
3622, 0.00
3623, 1.00
3624, 0.00
3625, 1.00
3626, 0.00
3627, 0.00
3628, 0.00
3629, 0.00
3630, 0.00
3631, 1.00
3632, 1.00
3633, 0.00
3634, 1.00
3635, 1.00
3636, 1.00
3637, 0.00
3638, 0.00
3639, 0.00
3640, 1.00
3641, 0.00
3642, 1.00
3643, 1.00
3644, 1.00
3645, 0.00
3646, 1.00
3647, 0.00
3648, 1.00
3649, 0.00
3650, 0.00
3651, 0.00
3652, 0.00
3653, 1.00
3654, 1.00
3655, 1.00
3656, 0.00
3657, 0.00
3658, 0.00
3659, 1.00
3660, 1.00
3661, 1.00
3662, 0.00
3663, 1.00
3664, 0.00
3665, 1.00
3666, 1.00
3667, 0.00
3668, 0.00
3669, 0.00
3670, 0.00
3671, 0.00
3672, 0.00
3673, 1.00
3674, 1.00
3675, 1.00
3676, 0.00
3677, 1.00
3678, 0.00
3679, 0.00
3680, 0.00
3681, 1.00
3682, 0.00
3683, 1.00
3684, 0.00
3685, 1.00
3686, 0.00
3687, 0.00
3688, 0.00
3689, 0.00
3690, 0.00
3691, 0.00
3692, 0.00
3693, 0.00
3694, 1.00
3695, 1.00
3696, 0.00
3697, 1.00
3698, 0.00
3699, 0.00
3700, 1.00
3701, 0.00
3702, 0.00
3703, 0.00
3704, 1.00
3705, 1.00
3706, 0.00
3707, 0.00
3708, 0.00
3709, 0.00
3710, 0.00
3711, 1.00
3712, 0.00
3713, 1.00
3714, 0.00
3715, 1.00
3716, 0.00
3717, 1.00
3718, 0.00
3719, 0.00
3720, 1.00
3721, 1.00
3722, 1.00
3723, 1.00
3724, 1.00
3725, 0.00
3726, 0.00
3727, 1.00
3728, 1.00
3729, 0.00
3730, 1.00
3731, 0.00
3732, 1.00
3733, 1.00
3734, 0.00
3735, 0.00
3736, 1.00
3737, 1.00
3738, 0.00
3739, 0.00
3740, 1.00
3741, 0.00
3742, 0.00
3743, 1.00
3744, 0.00
3745, 1.00
3746, 0.00
3747, 1.00
3748, 0.00
3749, 1.00
3750, 1.00
3751, 1.00
3752, 1.00
3753, 1.00
3754, 1.00
3755, 0.00
3756, 0.00
3757, 0.00
3758, 1.00
3759, 0.00
3760, 0.00
3761, 0.00
3762, 0.00
3763, 1.00
3764, 0.00
3765, 1.00
3766, 0.00
3767, 0.00
3768, 0.00
3769, 1.00
3770, 0.00
3771, 0.00
3772, 0.00
3773, 0.00
3774, 1.00
3775, 0.00
3776, 0.00
3777, 1.00
3778, 0.00
3779, 0.00
3780, 1.00
3781, 1.00
3782, 1.00
3783, 1.00
3784, 0.00
3785, 1.00
3786, 1.00
3787, 0.00
3788, 1.00
3789, 0.00
3790, 1.00
3791, 0.00
3792, 0.00
3793, 0.00
3794, 0.00
3795, 1.00
3796, 1.00
3797, 1.00
3798, 1.00
3799, 0.00
3800, 1.00
3801, 1.00
3802, 0.00
3803, 1.00
3804, 1.00
3805, 1.00
3806, 0.00
3807, 1.00
3808, 1.00
3809, 1.00
3810, 0.00
3811, 0.00
3812, 0.00
3813, 0.00
3814, 0.00
3815, 1.00
3816, 0.00
3817, 0.00
3818, 0.00
3819, 0.00
3820, 0.00
3821, 0.00
3822, 0.00
3823, 1.00
3824, 0.00
3825, 0.00
3826, 0.00
3827, 0.00
3828, 1.00
3829, 0.00
3830, 0.00
3831, 0.00
3832, 0.00
3833, 1.00
3834, 1.00
3835, 0.00
3836, 1.00
3837, 1.00
3838, 0.00
3839, 1.00
3840, 0.00
3841, 0.00
3842, 1.00
3843, 1.00
3844, 0.00
3845, 0.00
3846, 0.00
3847, 1.00
3848, 0.00
3849, 0.00
3850, 0.00
3851, 0.00
3852, 1.00
3853, 1.00
3854, 0.00
3855, 1.00
3856, 1.00
3857, 1.00
3858, 1.00
3859, 1.00
3860, 0.00
3861, 1.00
3862, 0.00
3863, 1.00
3864, 0.00
3865, 0.00
3866, 0.00
3867, 1.00
3868, 0.00
3869, 1.00
3870, 0.00
3871, 0.00
3872, 0.00
3873, 1.00
3874, 1.00
3875, 1.00
3876, 0.00
3877, 0.00
3878, 0.00
3879, 0.00
3880, 1.00
3881, 0.00
3882, 1.00
3883, 0.00
3884, 0.00
3885, 0.00
3886, 0.00
3887, 0.00
3888, 0.00
3889, 1.00
3890, 0.00
3891, 1.00
3892, 0.00
3893, 1.00
3894, 1.00
3895, 0.00
3896, 0.00
3897, 0.00
3898, 1.00
3899, 0.00
3900, 0.00
3901, 1.00
3902, 0.00
3903, 0.00
3904, 1.00
3905, 0.00
3906, 0.00
3907, 1.00
3908, 1.00
3909, 1.00
3910, 0.00
3911, 0.00
3912, 0.00
3913, 1.00
3914, 0.00
3915, 1.00
3916, 0.00
3917, 0.00
3918, 0.00
3919, 1.00
3920, 0.00
3921, 0.00
3922, 1.00
3923, 0.00
3924, 1.00
3925, 0.00
3926, 0.00
3927, 1.00
3928, 1.00
3929, 1.00
3930, 1.00
3931, 0.00
3932, 1.00
3933, 1.00
3934, 0.00
3935, 1.00
3936, 1.00
3937, 1.00
3938, 1.00
3939, 1.00
3940, 1.00
3941, 0.00
3942, 0.00
3943, 1.00
3944, 1.00
3945, 1.00
3946, 0.00
3947, 1.00
3948, 0.00
3949, 1.00
3950, 0.00
3951, 1.00
3952, 1.00
3953, 0.00
3954, 0.00
3955, 0.00
3956, 0.00
3957, 0.00
3958, 0.00
3959, 1.00
3960, 0.00
3961, 1.00
3962, 0.00
3963, 1.00
3964, 1.00
3965, 1.00
3966, 1.00
3967, 1.00
3968, 0.00
3969, 0.00
3970, 0.00
3971, 0.00
3972, 1.00
3973, 0.00
3974, 0.00
3975, 0.00
3976, 0.00
3977, 1.00
3978, 1.00
3979, 0.00
3980, 0.00
3981, 1.00
3982, 0.00
3983, 1.00
3984, 1.00
3985, 1.00
3986, 0.00
3987, 0.00
3988, 1.00
3989, 1.00
3990, 0.00
3991, 1.00
3992, 1.00
3993, 1.00
3994, 0.00
3995, 1.00
3996, 0.00
3997, 0.00
3998, 0.00
3999, 0.00
4000, 0.00
4001, 0.00
4002, 1.00
4003, 1.00
4004, 1.00
4005, 1.00
4006, 0.00
4007, 0.00
4008, 1.00
4009, 1.00
4010, 0.00
4011, 1.00
4012, 0.00
4013, 1.00
4014, 0.00
4015, 1.00
4016, 0.00
4017, 0.00
4018, 1.00
4019, 1.00
4020, 0.00
4021, 1.00
4022, 1.00
4023, 0.00
4024, 0.00
4025, 1.00
4026, 0.00
4027, 0.00
4028, 1.00
4029, 1.00
4030, 1.00
4031, 0.00
4032, 1.00
4033, 1.00
4034, 0.00
4035, 0.00
4036, 0.00
4037, 0.00
4038, 0.00
4039, 1.00
4040, 1.00
4041, 1.00
4042, 0.00
4043, 1.00
4044, 1.00
4045, 0.00
4046, 1.00
4047, 0.00
4048, 0.00
4049, 1.00
4050, 1.00
4051, 0.00
4052, 0.00
4053, 0.00
4054, 1.00
4055, 0.00
4056, 1.00
4057, 1.00
4058, 1.00
4059, 1.00
4060, 0.00
4061, 0.00
4062, 0.00
4063, 0.00
4064, 0.00
4065, 0.00
4066, 1.00
4067, 0.00
4068, 1.00
4069, 1.00
4070, 0.00
4071, 1.00
4072, 0.00
4073, 1.00
4074, 1.00
4075, 1.00
4076, 0.00
4077, 0.00
4078, 1.00
4079, 0.00
4080, 1.00
4081, 1.00
4082, 1.00
4083, 0.00
4084, 1.00
4085, 0.00
4086, 0.00
4087, 1.00
4088, 0.00
4089, 1.00
4090, 1.00
4091, 1.00
4092, 1.00
4093, 0.00
4094, 1.00
4095, 0.00
4096, 0.00
4097, 0.00
4098, 0.00
4099, 0.00
4100, 0.00
4101, 0.00
4102, 1.00
4103, 0.00
4104, 0.00
4105, 0.00
4106, 1.00
4107, 1.00
4108, 1.00
4109, 0.00
4110, 1.00
4111, 1.00
4112, 1.00
4113, 1.00
4114, 0.00
4115, 0.00
4116, 0.00
4117, 0.00
4118, 0.00
4119, 0.00
4120, 1.00
4121, 0.00
4122, 0.00
4123, 0.00
4124, 0.00
4125, 1.00
4126, 0.00
4127, 0.00
4128, 1.00
4129, 1.00
4130, 1.00
4131, 0.00
4132, 0.00
4133, 1.00
4134, 1.00
4135, 0.00
4136, 1.00
4137, 1.00
4138, 0.00
4139, 1.00
4140, 0.00
4141, 1.00
4142, 0.00
4143, 0.00
4144, 0.00
4145, 0.00
4146, 1.00
4147, 0.00
4148, 0.00
4149, 0.00
4150, 1.00
4151, 1.00
4152, 0.00
4153, 1.00
4154, 0.00
4155, 1.00
4156, 0.00
4157, 1.00
4158, 0.00
4159, 1.00
4160, 0.00
4161, 0.00
4162, 0.00
4163, 0.00
4164, 1.00
4165, 1.00
4166, 1.00
4167, 0.00
4168, 0.00
4169, 0.00
4170, 1.00
4171, 0.00
4172, 1.00
4173, 1.00
4174, 0.00
4175, 0.00
4176, 1.00
4177, 1.00
4178, 1.00
4179, 1.00
4180, 0.00
4181, 0.00
4182, 0.00
4183, 1.00
4184, 0.00
4185, 0.00
4186, 1.00
4187, 0.00
4188, 1.00
4189, 1.00
4190, 0.00
4191, 1.00
4192, 0.00
4193, 1.00
4194, 0.00
4195, 0.00
4196, 0.00
4197, 0.00
4198, 1.00
4199, 1.00
4200, 1.00
4201, 0.00
4202, 1.00
4203, 0.00
4204, 0.00
4205, 0.00
4206, 1.00
4207, 0.00
4208, 1.00
4209, 0.00
4210, 0.00
4211, 0.00
4212, 0.00
4213, 1.00
4214, 0.00
4215, 1.00
4216, 1.00
4217, 0.00
4218, 1.00
4219, 1.00
4220, 0.00
4221, 0.00
4222, 1.00
4223, 0.00
4224, 0.00
4225, 0.00
4226, 0.00
4227, 0.00
4228, 0.00
4229, 1.00
4230, 1.00
4231, 0.00
4232, 1.00
4233, 1.00
4234, 0.00
4235, 1.00
4236, 1.00
4237, 0.00
4238, 0.00
4239, 1.00
4240, 1.00
4241, 0.00
4242, 1.00
4243, 1.00
4244, 0.00
4245, 0.00
4246, 0.00
4247, 1.00
4248, 0.00
4249, 1.00
4250, 0.00
4251, 1.00
4252, 1.00
4253, 0.00
4254, 0.00
4255, 1.00
4256, 0.00
4257, 0.00
4258, 1.00
4259, 1.00
4260, 1.00
4261, 1.00
4262, 0.00
4263, 0.00
4264, 0.00
4265, 0.00
4266, 1.00
4267, 0.00
4268, 1.00
4269, 0.00
4270, 0.00
4271, 0.00
4272, 0.00
4273, 0.00
4274, 0.00
4275, 1.00
4276, 1.00
4277, 0.00
4278, 1.00
4279, 0.00
4280, 0.00
4281, 1.00
4282, 1.00
4283, 0.00
4284, 0.00
4285, 1.00
4286, 0.00
4287, 0.00
4288, 0.00
4289, 0.00
4290, 0.00
4291, 0.00
4292, 0.00
4293, 0.00
4294, 1.00
4295, 1.00
4296, 1.00
4297, 0.00
4298, 0.00
4299, 1.00
4300, 0.00
4301, 1.00
4302, 1.00
4303, 1.00
4304, 1.00
4305, 1.00
4306, 1.00
4307, 0.00
4308, 0.00
4309, 0.00
4310, 0.00
4311, 0.00
4312, 0.00
4313, 0.00
4314, 0.00
4315, 0.00
4316, 0.00
4317, 0.00
4318, 0.00
4319, 0.00
4320, 1.00
4321, 1.00
4322, 1.00
4323, 1.00
4324, 0.00
4325, 0.00
4326, 0.00
4327, 0.00
4328, 1.00
4329, 1.00
4330, 0.00
4331, 0.00
4332, 1.00
4333, 1.00
4334, 0.00
4335, 1.00
4336, 0.00
4337, 0.00
4338, 1.00
4339, 1.00
4340, 1.00
4341, 1.00
4342, 1.00
4343, 0.00
4344, 1.00
4345, 1.00
4346, 0.00
4347, 0.00
4348, 0.00
4349, 0.00
4350, 1.00
4351, 1.00
4352, 0.00
4353, 1.00
4354, 0.00
4355, 0.00
4356, 0.00
4357, 0.00
4358, 1.00
4359, 1.00
4360, 0.00
4361, 0.00
4362, 0.00
4363, 1.00
4364, 0.00
4365, 1.00
4366, 0.00
4367, 1.00
4368, 1.00
4369, 1.00
4370, 1.00
4371, 0.00
4372, 0.00
4373, 0.00
4374, 0.00
4375, 0.00
4376, 0.00
4377, 0.00
4378, 0.00
4379, 0.00
4380, 1.00
4381, 1.00
4382, 0.00
4383, 0.00
4384, 1.00
4385, 0.00
4386, 1.00
4387, 1.00
4388, 1.00
4389, 1.00
4390, 0.00
4391, 0.00
4392, 0.00
4393, 0.00
4394, 0.00
4395, 1.00
4396, 1.00
4397, 1.00
4398, 0.00
4399, 0.00
4400, 1.00
4401, 0.00
4402, 1.00
4403, 1.00
4404, 0.00
4405, 0.00
4406, 0.00
4407, 0.00
4408, 1.00
4409, 0.00
4410, 0.00
4411, 0.00
4412, 1.00
4413, 1.00
4414, 0.00
4415, 0.00
4416, 0.00
4417, 1.00
4418, 0.00
4419, 0.00
4420, 0.00
4421, 0.00
4422, 0.00
4423, 1.00
4424, 1.00
4425, 1.00
4426, 0.00
4427, 1.00
4428, 0.00
4429, 1.00
4430, 1.00
4431, 0.00
4432, 1.00
4433, 1.00
4434, 0.00
4435, 0.00
4436, 1.00
4437, 0.00
4438, 0.00
4439, 1.00
4440, 1.00
4441, 1.00
4442, 1.00
4443, 0.00
4444, 0.00
4445, 0.00
4446, 0.00
4447, 1.00
4448, 1.00
4449, 1.00
4450, 1.00
4451, 0.00
4452, 0.00
4453, 0.00
4454, 0.00
4455, 1.00
4456, 0.00
4457, 1.00
4458, 1.00
4459, 0.00
4460, 0.00
4461, 0.00
4462, 0.00
4463, 0.00
4464, 0.00
4465, 0.00
4466, 0.00
4467, 0.00
4468, 1.00
4469, 1.00
4470, 1.00
4471, 0.00
4472, 0.00
4473, 0.00
4474, 0.00
4475, 1.00
4476, 1.00
4477, 0.00
4478, 1.00
4479, 0.00
4480, 1.00
4481, 0.00
4482, 1.00
4483, 1.00
4484, 0.00
4485, 0.00
4486, 0.00
4487, 0.00
4488, 1.00
4489, 0.00
4490, 0.00
4491, 1.00
4492, 0.00
4493, 1.00
4494, 0.00
4495, 1.00
4496, 0.00
4497, 0.00
4498, 1.00
4499, 0.00
4500, 0.00
4501, 1.00
4502, 1.00
4503, 0.00
4504, 1.00
4505, 1.00
4506, 0.00
4507, 0.00
4508, 1.00
4509, 0.00
4510, 0.00
4511, 1.00
4512, 1.00
4513, 0.00
4514, 1.00
4515, 1.00
4516, 0.00
4517, 1.00
4518, 1.00
4519, 0.00
4520, 0.00
4521, 0.00
4522, 0.00
4523, 1.00
4524, 0.00
4525, 0.00
4526, 0.00
4527, 1.00
4528, 1.00
4529, 0.00
4530, 0.00
4531, 1.00
4532, 0.00
4533, 0.00
4534, 1.00
4535, 1.00
4536, 1.00
4537, 1.00
4538, 0.00
4539, 0.00
4540, 0.00
4541, 1.00
4542, 0.00
4543, 0.00
4544, 0.00
4545, 1.00
4546, 0.00
4547, 0.00
4548, 0.00
4549, 0.00
4550, 0.00
4551, 0.00
4552, 0.00
4553, 1.00
4554, 1.00
4555, 1.00
4556, 1.00
4557, 1.00
4558, 0.00
4559, 1.00
4560, 0.00
4561, 0.00
4562, 0.00
4563, 1.00
4564, 1.00
4565, 1.00
4566, 1.00
4567, 1.00
4568, 1.00
4569, 1.00
4570, 0.00
4571, 1.00
4572, 0.00
4573, 0.00
4574, 0.00
4575, 1.00
4576, 1.00
4577, 0.00
4578, 0.00
4579, 0.00
4580, 0.00
4581, 1.00
4582, 1.00
4583, 0.00
4584, 0.00
4585, 1.00
4586, 0.00
4587, 1.00
4588, 1.00
4589, 1.00
4590, 0.00
4591, 0.00
4592, 0.00
4593, 0.00
4594, 0.00
4595, 1.00
4596, 0.00
4597, 0.00
4598, 0.00
4599, 0.00
4600, 0.00
4601, 0.00
4602, 1.00
4603, 0.00
4604, 0.00
4605, 1.00
4606, 0.00
4607, 0.00
4608, 0.00
4609, 0.00
4610, 0.00
4611, 1.00
4612, 0.00
4613, 0.00
4614, 0.00
4615, 0.00
4616, 1.00
4617, 1.00
4618, 1.00
4619, 0.00
4620, 0.00
4621, 0.00
4622, 1.00
4623, 1.00
4624, 1.00
4625, 1.00
4626, 1.00
4627, 0.00
4628, 0.00
4629, 1.00
4630, 1.00
4631, 0.00
4632, 1.00
4633, 0.00
4634, 1.00
4635, 0.00
4636, 1.00
4637, 1.00
4638, 0.00
4639, 1.00
4640, 1.00
4641, 0.00
4642, 0.00
4643, 1.00
4644, 0.00
4645, 0.00
4646, 0.00
4647, 0.00
4648, 0.00
4649, 1.00
4650, 0.00
4651, 1.00
4652, 0.00
4653, 0.00
4654, 0.00
4655, 1.00
4656, 1.00
4657, 1.00
4658, 0.00
4659, 0.00
4660, 1.00
4661, 1.00
4662, 1.00
4663, 0.00
4664, 1.00
4665, 0.00
4666, 0.00
4667, 1.00
4668, 0.00
4669, 0.00
4670, 0.00
4671, 0.00
4672, 1.00
4673, 0.00
4674, 1.00
4675, 0.00
4676, 0.00
4677, 0.00
4678, 0.00
4679, 0.00
4680, 0.00
4681, 1.00
4682, 1.00
4683, 1.00
4684, 1.00
4685, 1.00
4686, 0.00
4687, 0.00
4688, 0.00
4689, 1.00
4690, 1.00
4691, 0.00
4692, 1.00
4693, 1.00
4694, 0.00
4695, 0.00
4696, 0.00
4697, 0.00
4698, 0.00
4699, 1.00
4700, 1.00
4701, 1.00
4702, 1.00
4703, 0.00
4704, 0.00
4705, 0.00
4706, 0.00
4707, 1.00
4708, 1.00
4709, 1.00
4710, 0.00
4711, 0.00
4712, 0.00
4713, 1.00
4714, 0.00
4715, 0.00
4716, 1.00
4717, 0.00
4718, 1.00
4719, 1.00
4720, 0.00
4721, 1.00
4722, 0.00
4723, 1.00
4724, 0.00
4725, 0.00
4726, 0.00
4727, 0.00
4728, 1.00
4729, 0.00
4730, 0.00
4731, 1.00
4732, 0.00
4733, 0.00
4734, 1.00
4735, 1.00
4736, 0.00
4737, 0.00
4738, 1.00
4739, 1.00
4740, 0.00
4741, 0.00
4742, 1.00
4743, 1.00
4744, 1.00
4745, 0.00
4746, 1.00
4747, 1.00
4748, 0.00
4749, 1.00
4750, 0.00
4751, 0.00
4752, 1.00
4753, 0.00
4754, 1.00
4755, 1.00
4756, 1.00
4757, 1.00
4758, 1.00
4759, 0.00
4760, 1.00
4761, 0.00
4762, 1.00
4763, 0.00
4764, 0.00
4765, 0.00
4766, 0.00
4767, 0.00
4768, 0.00
4769, 1.00
4770, 0.00
4771, 1.00
4772, 0.00
4773, 1.00
4774, 1.00
4775, 1.00
4776, 0.00
4777, 0.00
4778, 1.00
4779, 0.00
4780, 1.00
4781, 1.00
4782, 0.00
4783, 1.00
4784, 1.00
4785, 1.00
4786, 1.00
4787, 1.00
4788, 0.00
4789, 0.00
4790, 1.00
4791, 1.00
4792, 1.00
4793, 0.00
4794, 0.00
4795, 1.00
4796, 1.00
4797, 1.00
4798, 0.00
4799, 1.00
4800, 0.00
4801, 0.00
4802, 0.00
4803, 0.00
4804, 0.00
4805, 1.00
4806, 1.00
4807, 0.00
4808, 1.00
4809, 0.00
4810, 1.00
4811, 0.00
4812, 0.00
4813, 0.00
4814, 0.00
4815, 0.00
4816, 1.00
4817, 1.00
4818, 0.00
4819, 0.00
4820, 1.00
4821, 1.00
4822, 0.00
4823, 0.00
4824, 0.00
4825, 0.00
4826, 0.00
4827, 0.00
4828, 0.00
4829, 1.00
4830, 1.00
4831, 1.00
4832, 0.00
4833, 1.00
4834, 0.00
4835, 0.00
4836, 1.00
4837, 0.00
4838, 0.00
4839, 0.00
4840, 0.00
4841, 0.00
4842, 0.00
4843, 0.00
4844, 1.00
4845, 0.00
4846, 1.00
4847, 1.00
4848, 1.00
4849, 0.00
4850, 0.00
4851, 0.00
4852, 1.00
4853, 0.00
4854, 0.00
4855, 0.00
4856, 0.00
4857, 1.00
4858, 0.00
4859, 0.00
4860, 0.00
4861, 0.00
4862, 1.00
4863, 1.00
4864, 1.00
4865, 0.00
4866, 1.00
4867, 0.00
4868, 0.00
4869, 0.00
4870, 0.00
4871, 1.00
4872, 1.00
4873, 1.00
4874, 0.00
4875, 0.00
4876, 1.00
4877, 1.00
4878, 1.00
4879, 0.00
4880, 1.00
4881, 1.00
4882, 1.00
4883, 1.00
4884, 0.00
4885, 0.00
4886, 1.00
4887, 0.00
4888, 0.00
4889, 0.00
4890, 0.00
4891, 1.00
4892, 0.00
4893, 0.00
4894, 0.00
4895, 0.00
4896, 1.00
4897, 1.00
4898, 1.00
4899, 0.00
4900, 1.00
4901, 0.00
4902, 0.00
4903, 0.00
4904, 0.00
4905, 0.00
4906, 1.00
4907, 1.00
4908, 0.00
4909, 1.00
4910, 0.00
4911, 0.00
4912, 1.00
4913, 0.00
4914, 1.00
4915, 1.00
4916, 1.00
4917, 1.00
4918, 1.00
4919, 0.00
4920, 0.00
4921, 0.00
4922, 0.00
4923, 1.00
4924, 1.00
4925, 1.00
4926, 0.00
4927, 1.00
4928, 0.00
4929, 1.00
4930, 1.00
4931, 1.00
4932, 1.00
4933, 0.00
4934, 0.00
4935, 0.00
4936, 1.00
4937, 1.00
4938, 0.00
4939, 1.00
4940, 1.00
4941, 1.00
4942, 0.00
4943, 1.00
4944, 1.00
4945, 0.00
4946, 0.00
4947, 0.00
4948, 0.00
4949, 0.00
4950, 0.00
4951, 0.00
4952, 1.00
4953, 1.00
4954, 0.00
4955, 0.00
4956, 0.00
4957, 0.00
4958, 0.00
4959, 0.00
4960, 1.00
4961, 1.00
4962, 0.00
4963, 0.00
4964, 0.00
4965, 0.00
4966, 1.00
4967, 0.00
4968, 1.00
4969, 1.00
4970, 0.00
4971, 0.00
4972, 0.00
4973, 0.00
4974, 0.00
4975, 1.00
4976, 0.00
4977, 0.00
4978, 0.00
4979, 0.00
4980, 1.00
4981, 0.00
4982, 0.00
4983, 1.00
4984, 0.00
4985, 0.00
4986, 1.00
4987, 0.00
4988, 1.00
4989, 1.00
4990, 0.00
4991, 1.00
4992, 0.00
4993, 1.00
4994, 0.00
4995, 1.00
4996, 0.00
4997, 0.00
4998, 0.00
4999, 1.00
5000, 1.00
5001, 0.00
5002, 1.00
5003, 1.00
5004, 0.00
5005, 0.00
5006, 1.00
5007, 0.00
5008, 0.00
5009, 0.00
5010, 0.00
5011, 0.00
5012, 1.00
5013, 1.00
5014, 1.00
5015, 0.00
5016, 1.00
5017, 0.00
5018, 1.00
5019, 1.00
5020, 1.00
5021, 0.00
5022, 0.00
5023, 1.00
5024, 0.00
5025, 0.00
5026, 0.00
5027, 1.00
5028, 0.00
5029, 0.00
5030, 0.00
5031, 0.00
5032, 0.00
5033, 1.00
5034, 0.00
5035, 0.00
5036, 0.00
5037, 0.00
5038, 1.00
5039, 0.00
5040, 1.00
5041, 0.00
5042, 1.00
5043, 0.00
5044, 1.00
5045, 0.00
5046, 1.00
5047, 0.00
5048, 0.00
5049, 0.00
5050, 1.00
5051, 0.00
5052, 0.00
5053, 1.00
5054, 0.00
5055, 0.00
5056, 0.00
5057, 0.00
5058, 0.00
5059, 1.00
5060, 1.00
5061, 0.00
5062, 0.00
5063, 1.00
5064, 0.00
5065, 0.00
5066, 0.00
5067, 0.00
5068, 1.00
5069, 1.00
5070, 1.00
5071, 0.00
5072, 0.00
5073, 1.00
5074, 0.00
5075, 0.00
5076, 0.00
5077, 0.00
5078, 1.00
5079, 1.00
5080, 0.00
5081, 0.00
5082, 0.00
5083, 0.00
5084, 1.00
5085, 1.00
5086, 0.00
5087, 0.00
5088, 1.00
5089, 1.00
5090, 0.00
5091, 0.00
5092, 0.00
5093, 0.00
5094, 0.00
5095, 0.00
5096, 0.00
5097, 0.00
5098, 0.00
5099, 1.00
5100, 1.00
5101, 0.00
5102, 0.00
5103, 1.00
5104, 0.00
5105, 0.00
5106, 0.00
5107, 1.00
5108, 0.00
5109, 1.00
5110, 0.00
5111, 1.00
5112, 0.00
5113, 0.00
5114, 0.00
5115, 0.00
5116, 0.00
5117, 1.00
5118, 0.00
5119, 0.00
5120, 1.00
5121, 0.00
5122, 0.00
5123, 0.00
5124, 0.00
5125, 1.00
5126, 1.00
5127, 0.00
5128, 1.00
5129, 1.00
5130, 0.00
5131, 0.00
5132, 0.00
5133, 1.00
5134, 1.00
5135, 1.00
5136, 0.00
5137, 0.00
5138, 1.00
5139, 0.00
5140, 1.00
5141, 1.00
5142, 1.00
5143, 0.00
5144, 0.00
5145, 1.00
5146, 1.00
5147, 1.00
5148, 1.00
5149, 0.00
5150, 0.00
5151, 1.00
5152, 0.00
5153, 0.00
5154, 0.00
5155, 0.00
5156, 0.00
5157, 1.00
5158, 1.00
5159, 0.00
5160, 0.00
5161, 0.00
5162, 0.00
5163, 0.00
5164, 1.00
5165, 0.00
5166, 0.00
5167, 0.00
5168, 0.00
5169, 1.00
5170, 1.00
5171, 1.00
5172, 0.00
5173, 0.00
5174, 0.00
5175, 0.00
5176, 1.00
5177, 0.00
5178, 1.00
5179, 0.00
5180, 1.00
5181, 1.00
5182, 0.00
5183, 0.00
5184, 1.00
5185, 1.00
5186, 0.00
5187, 0.00
5188, 0.00
5189, 0.00
5190, 0.00
5191, 0.00
5192, 0.00
5193, 0.00
5194, 0.00
5195, 1.00
5196, 0.00
5197, 0.00
5198, 0.00
5199, 1.00
5200, 1.00
5201, 0.00
5202, 0.00
5203, 1.00
5204, 0.00
5205, 1.00
5206, 0.00
5207, 1.00
5208, 0.00
5209, 0.00
5210, 0.00
5211, 0.00
5212, 0.00
5213, 1.00
5214, 0.00
5215, 0.00
5216, 0.00
5217, 0.00
5218, 0.00
5219, 0.00
5220, 1.00
5221, 0.00
5222, 0.00
5223, 0.00
5224, 0.00
5225, 0.00
5226, 1.00
5227, 0.00
5228, 1.00
5229, 0.00
5230, 0.00
5231, 0.00
5232, 1.00
5233, 1.00
5234, 0.00
5235, 1.00
5236, 0.00
5237, 1.00
5238, 0.00
5239, 0.00
5240, 0.00
5241, 1.00
5242, 0.00
5243, 0.00
5244, 1.00
5245, 0.00
5246, 1.00
5247, 1.00
5248, 1.00
5249, 0.00
5250, 1.00
5251, 0.00
5252, 1.00
5253, 0.00
5254, 0.00
5255, 0.00
5256, 1.00
5257, 0.00
5258, 0.00
5259, 1.00
5260, 1.00
5261, 1.00
5262, 0.00
5263, 1.00
5264, 0.00
5265, 0.00
5266, 0.00
5267, 1.00
5268, 0.00
5269, 1.00
5270, 1.00
5271, 0.00
5272, 1.00
5273, 0.00
5274, 1.00
5275, 1.00
5276, 1.00
5277, 0.00
5278, 0.00
5279, 1.00
5280, 0.00
5281, 1.00
5282, 1.00
5283, 1.00
5284, 1.00
5285, 0.00
5286, 0.00
5287, 0.00
5288, 1.00
5289, 0.00
5290, 0.00
5291, 1.00
5292, 0.00
5293, 0.00
5294, 0.00
5295, 0.00
5296, 0.00
5297, 0.00
5298, 0.00
5299, 1.00
5300, 0.00
5301, 1.00
5302, 1.00
5303, 0.00
5304, 1.00
5305, 0.00
5306, 0.00
5307, 0.00
5308, 1.00
5309, 1.00
5310, 1.00
5311, 0.00
5312, 1.00
5313, 0.00
5314, 1.00
5315, 1.00
5316, 0.00
5317, 0.00
5318, 0.00
5319, 1.00
5320, 1.00
5321, 0.00
5322, 1.00
5323, 0.00
5324, 0.00
5325, 0.00
5326, 0.00
5327, 1.00
5328, 1.00
5329, 0.00
5330, 1.00
5331, 0.00
5332, 0.00
5333, 1.00
5334, 0.00
5335, 0.00
5336, 0.00
5337, 0.00
5338, 0.00
5339, 0.00
5340, 0.00
5341, 0.00
5342, 0.00
5343, 0.00
5344, 0.00
5345, 0.00
5346, 1.00
5347, 1.00
5348, 1.00
5349, 1.00
5350, 0.00
5351, 1.00
5352, 1.00
5353, 1.00
5354, 1.00
5355, 1.00
5356, 1.00
5357, 1.00
5358, 1.00
5359, 0.00
5360, 0.00
5361, 0.00
5362, 1.00
5363, 1.00
5364, 1.00
5365, 0.00
5366, 1.00
5367, 1.00
5368, 0.00
5369, 0.00
5370, 1.00
5371, 1.00
5372, 0.00
5373, 0.00
5374, 0.00
5375, 1.00
5376, 0.00
5377, 1.00
5378, 1.00
5379, 0.00
5380, 0.00
5381, 0.00
5382, 0.00
5383, 1.00
5384, 0.00
5385, 1.00
5386, 1.00
5387, 0.00
5388, 0.00
5389, 0.00
5390, 0.00
5391, 1.00
5392, 0.00
5393, 1.00
5394, 1.00
5395, 0.00
5396, 1.00
5397, 0.00
5398, 0.00
5399, 0.00
5400, 0.00
5401, 0.00
5402, 1.00
5403, 0.00
5404, 0.00
5405, 0.00
5406, 1.00
5407, 0.00
5408, 0.00
5409, 1.00
5410, 0.00
5411, 0.00
5412, 1.00
5413, 0.00
5414, 1.00
5415, 0.00
5416, 0.00
5417, 1.00
5418, 0.00
5419, 1.00
5420, 0.00
5421, 1.00
5422, 1.00
5423, 1.00
5424, 1.00
5425, 1.00
5426, 0.00
5427, 0.00
5428, 0.00
5429, 0.00
5430, 0.00
5431, 0.00
5432, 0.00
5433, 0.00
5434, 1.00
5435, 1.00
5436, 0.00
5437, 1.00
5438, 1.00
5439, 0.00
5440, 1.00
5441, 1.00
5442, 1.00
5443, 0.00
5444, 0.00
5445, 0.00
5446, 1.00
5447, 1.00
5448, 0.00
5449, 1.00
5450, 0.00
5451, 1.00
5452, 0.00
5453, 1.00
5454, 1.00
5455, 1.00
5456, 1.00
5457, 1.00
5458, 1.00
5459, 1.00
5460, 1.00
5461, 1.00
5462, 0.00
5463, 1.00
5464, 1.00
5465, 0.00
5466, 0.00
5467, 0.00
5468, 0.00
5469, 0.00
5470, 0.00
5471, 1.00
5472, 1.00
5473, 0.00
5474, 1.00
5475, 0.00
5476, 1.00
5477, 1.00
5478, 0.00
5479, 1.00
5480, 0.00
5481, 1.00
5482, 0.00
5483, 0.00
5484, 0.00
5485, 0.00
5486, 1.00
5487, 1.00
5488, 0.00
5489, 0.00
5490, 1.00
5491, 1.00
5492, 1.00
5493, 0.00
5494, 0.00
5495, 0.00
5496, 1.00
5497, 0.00
5498, 0.00
5499, 0.00
5500, 1.00
5501, 0.00
5502, 0.00
5503, 0.00
5504, 0.00
5505, 1.00
5506, 1.00
5507, 1.00
5508, 1.00
5509, 0.00
5510, 1.00
5511, 0.00
5512, 1.00
5513, 1.00
5514, 1.00
5515, 1.00
5516, 0.00
5517, 1.00
5518, 0.00
5519, 0.00
5520, 1.00
5521, 0.00
5522, 0.00
5523, 1.00
5524, 1.00
5525, 1.00
5526, 0.00
5527, 0.00
5528, 0.00
5529, 1.00
5530, 0.00
5531, 0.00
5532, 1.00
5533, 0.00
5534, 0.00
5535, 1.00
5536, 0.00
5537, 1.00
5538, 1.00
5539, 0.00
5540, 0.00
5541, 0.00
5542, 1.00
5543, 0.00
5544, 1.00
5545, 0.00
5546, 1.00
5547, 0.00
5548, 0.00
5549, 0.00
5550, 0.00
5551, 1.00
5552, 0.00
5553, 0.00
5554, 1.00
5555, 1.00
5556, 1.00
5557, 0.00
5558, 1.00
5559, 0.00
5560, 0.00
5561, 0.00
5562, 1.00
5563, 0.00
5564, 0.00
5565, 0.00
5566, 0.00
5567, 0.00
5568, 1.00
5569, 0.00
5570, 0.00
5571, 1.00
5572, 1.00
5573, 1.00
5574, 0.00
5575, 1.00
5576, 0.00
5577, 0.00
5578, 1.00
5579, 0.00
5580, 0.00
5581, 0.00
5582, 0.00
5583, 1.00
5584, 0.00
5585, 1.00
5586, 0.00
5587, 0.00
5588, 1.00
5589, 1.00
5590, 0.00
5591, 1.00
5592, 0.00
5593, 0.00
5594, 1.00
5595, 0.00
5596, 0.00
5597, 0.00
5598, 1.00
5599, 1.00
5600, 1.00
5601, 0.00
5602, 1.00
5603, 1.00
5604, 0.00
5605, 1.00
5606, 0.00
5607, 1.00
5608, 0.00
5609, 0.00
5610, 0.00
5611, 1.00
5612, 1.00
5613, 0.00
5614, 0.00
5615, 0.00
5616, 0.00
5617, 0.00
5618, 0.00
5619, 1.00
5620, 0.00
5621, 1.00
5622, 0.00
5623, 0.00
5624, 0.00
5625, 0.00
5626, 0.00
5627, 1.00
5628, 0.00
5629, 0.00
5630, 1.00
5631, 1.00
5632, 0.00
5633, 1.00
5634, 1.00
5635, 1.00
5636, 0.00
5637, 0.00
5638, 1.00
5639, 0.00
5640, 1.00
5641, 0.00
5642, 1.00
5643, 1.00
5644, 1.00
5645, 0.00
5646, 0.00
5647, 0.00
5648, 0.00
5649, 1.00
5650, 1.00
5651, 0.00
5652, 1.00
5653, 0.00
5654, 0.00
5655, 0.00
5656, 1.00
5657, 0.00
5658, 1.00
5659, 0.00
5660, 1.00
5661, 0.00
5662, 1.00
5663, 0.00
5664, 1.00
5665, 1.00
5666, 1.00
5667, 0.00
5668, 0.00
5669, 0.00
5670, 0.00
5671, 1.00
5672, 1.00
5673, 0.00
5674, 0.00
5675, 1.00
5676, 1.00
5677, 0.00
5678, 1.00
5679, 1.00
5680, 0.00
5681, 0.00
5682, 0.00
5683, 1.00
5684, 1.00
5685, 1.00
5686, 0.00
5687, 1.00
5688, 1.00
5689, 0.00
5690, 0.00
5691, 1.00
5692, 1.00
5693, 1.00
5694, 0.00
5695, 0.00
5696, 0.00
5697, 1.00
5698, 1.00
5699, 0.00
5700, 0.00
5701, 1.00
5702, 0.00
5703, 1.00
5704, 1.00
5705, 1.00
5706, 1.00
5707, 0.00
5708, 0.00
5709, 1.00
5710, 1.00
5711, 0.00
5712, 1.00
5713, 0.00
5714, 1.00
5715, 1.00
5716, 1.00
5717, 1.00
5718, 1.00
5719, 0.00
5720, 1.00
5721, 1.00
5722, 1.00
5723, 0.00
5724, 0.00
5725, 0.00
5726, 1.00
5727, 0.00
5728, 0.00
5729, 0.00
5730, 1.00
5731, 1.00
5732, 0.00
5733, 1.00
5734, 1.00
5735, 0.00
5736, 1.00
5737, 0.00
5738, 0.00
5739, 1.00
5740, 0.00
5741, 0.00
5742, 0.00
5743, 0.00
5744, 0.00
5745, 1.00
5746, 0.00
5747, 1.00
5748, 0.00
5749, 1.00
5750, 1.00
5751, 1.00
5752, 0.00
5753, 0.00
5754, 0.00
5755, 0.00
5756, 1.00
5757, 1.00
5758, 0.00
5759, 1.00
5760, 0.00
5761, 1.00
5762, 0.00
5763, 1.00
5764, 0.00
5765, 0.00
5766, 0.00
5767, 0.00
5768, 0.00
5769, 1.00
5770, 1.00
5771, 0.00
5772, 0.00
5773, 1.00
5774, 1.00
5775, 0.00
5776, 1.00
5777, 0.00
5778, 0.00
5779, 0.00
5780, 0.00
5781, 1.00
5782, 1.00
5783, 0.00
5784, 0.00
5785, 1.00
5786, 1.00
5787, 1.00
5788, 1.00
5789, 0.00
5790, 1.00
5791, 0.00
5792, 0.00
5793, 1.00
5794, 0.00
5795, 0.00
5796, 0.00
5797, 0.00
5798, 0.00
5799, 1.00
5800, 0.00
5801, 0.00
5802, 0.00
5803, 0.00
5804, 1.00
5805, 1.00
5806, 1.00
5807, 0.00
5808, 0.00
5809, 0.00
5810, 0.00
5811, 0.00
5812, 0.00
5813, 1.00
5814, 1.00
5815, 0.00
5816, 0.00
5817, 0.00
5818, 1.00
5819, 0.00
5820, 1.00
5821, 1.00
5822, 0.00
5823, 0.00
5824, 1.00
5825, 1.00
5826, 1.00
5827, 0.00
5828, 0.00
5829, 1.00
5830, 0.00
5831, 0.00
5832, 1.00
5833, 1.00
5834, 1.00
5835, 0.00
5836, 0.00
5837, 1.00
5838, 1.00
5839, 1.00
5840, 0.00
5841, 0.00
5842, 1.00
5843, 1.00
5844, 0.00
5845, 1.00
5846, 0.00
5847, 0.00
5848, 0.00
5849, 0.00
5850, 0.00
5851, 0.00
5852, 0.00
5853, 0.00
5854, 0.00
5855, 0.00
5856, 0.00
5857, 1.00
5858, 0.00
5859, 0.00
5860, 1.00
5861, 0.00
5862, 0.00
5863, 1.00
5864, 1.00
5865, 1.00
5866, 0.00
5867, 1.00
5868, 0.00
5869, 0.00
5870, 0.00
5871, 1.00
5872, 1.00
5873, 1.00
5874, 0.00
5875, 0.00
5876, 0.00
5877, 1.00
5878, 0.00
5879, 0.00
5880, 0.00
5881, 0.00
5882, 0.00
5883, 1.00
5884, 1.00
5885, 0.00
5886, 0.00
5887, 0.00
5888, 0.00
5889, 1.00
5890, 1.00
5891, 0.00
5892, 1.00
5893, 0.00
5894, 1.00
5895, 1.00
5896, 1.00
5897, 1.00
5898, 1.00
5899, 0.00
5900, 0.00
5901, 0.00
5902, 1.00
5903, 1.00
5904, 0.00
5905, 1.00
5906, 0.00
5907, 0.00
5908, 0.00
5909, 0.00
5910, 1.00
5911, 0.00
5912, 0.00
5913, 1.00
5914, 0.00
5915, 0.00
5916, 0.00
5917, 1.00
5918, 0.00
5919, 0.00
5920, 0.00
5921, 0.00
5922, 1.00
5923, 1.00
5924, 0.00
5925, 0.00
5926, 1.00
5927, 0.00
5928, 0.00
5929, 1.00
5930, 1.00
5931, 1.00
5932, 1.00
5933, 1.00
5934, 0.00
5935, 0.00
5936, 0.00
5937, 1.00
5938, 1.00
5939, 0.00
5940, 0.00
5941, 1.00
5942, 0.00
5943, 0.00
5944, 1.00
5945, 1.00
5946, 1.00
5947, 1.00
5948, 1.00
5949, 1.00
5950, 0.00
5951, 1.00
5952, 0.00
5953, 0.00
5954, 1.00
5955, 1.00
5956, 0.00
5957, 0.00
5958, 0.00
5959, 1.00
5960, 0.00
5961, 0.00
5962, 1.00
5963, 1.00
5964, 1.00
5965, 1.00
5966, 1.00
5967, 0.00
5968, 0.00
5969, 0.00
5970, 0.00
5971, 0.00
5972, 1.00
5973, 1.00
5974, 1.00
5975, 0.00
5976, 0.00
5977, 0.00
5978, 1.00
5979, 0.00
5980, 1.00
5981, 0.00
5982, 1.00
5983, 1.00
5984, 1.00
5985, 0.00
5986, 1.00
5987, 0.00
5988, 1.00
5989, 0.00
5990, 1.00
5991, 1.00
5992, 0.00
5993, 0.00
5994, 1.00
5995, 1.00
5996, 0.00
5997, 1.00
5998, 0.00
5999, 1.00
6000, 1.00
6001, 0.00
6002, 1.00
6003, 1.00
6004, 0.00
6005, 0.00
6006, 0.00
6007, 0.00
6008, 0.00
6009, 0.00
6010, 0.00
6011, 0.00
6012, 0.00
6013, 1.00
6014, 1.00
6015, 1.00
6016, 0.00
6017, 1.00
6018, 1.00
6019, 0.00
6020, 0.00
6021, 0.00
6022, 0.00
6023, 1.00
6024, 0.00
6025, 0.00
6026, 0.00
6027, 1.00
6028, 1.00
6029, 0.00
6030, 1.00
6031, 0.00
6032, 1.00
6033, 0.00
6034, 1.00
6035, 0.00
6036, 1.00
6037, 0.00
6038, 0.00
6039, 0.00
6040, 0.00
6041, 0.00
6042, 1.00
6043, 1.00
6044, 1.00
6045, 0.00
6046, 1.00
6047, 1.00
6048, 0.00
6049, 0.00
6050, 1.00
6051, 1.00
6052, 1.00
6053, 1.00
6054, 0.00
6055, 1.00
6056, 0.00
6057, 1.00
6058, 1.00
6059, 1.00
6060, 0.00
6061, 1.00
6062, 0.00
6063, 0.00
6064, 0.00
6065, 1.00
6066, 0.00
6067, 1.00
6068, 0.00
6069, 0.00
6070, 1.00
6071, 1.00
6072, 0.00
6073, 1.00
6074, 0.00
6075, 0.00
6076, 0.00
6077, 0.00
6078, 0.00
6079, 0.00
6080, 0.00
6081, 0.00
6082, 0.00
6083, 1.00
6084, 1.00
6085, 1.00
6086, 0.00
6087, 1.00
6088, 1.00
6089, 1.00
6090, 0.00
6091, 0.00
6092, 0.00
6093, 1.00
6094, 0.00
6095, 0.00
6096, 0.00
6097, 0.00
6098, 0.00
6099, 1.00
6100, 1.00
6101, 1.00
6102, 0.00
6103, 1.00
6104, 0.00
6105, 0.00
6106, 1.00
6107, 1.00
6108, 0.00
6109, 0.00
6110, 0.00
6111, 1.00
6112, 0.00
6113, 0.00
6114, 0.00
6115, 1.00
6116, 1.00
6117, 0.00
6118, 0.00
6119, 0.00
6120, 0.00
6121, 1.00
6122, 0.00
6123, 0.00
6124, 0.00
6125, 1.00
6126, 1.00
6127, 0.00
6128, 1.00
6129, 0.00
6130, 0.00
6131, 1.00
6132, 0.00
6133, 1.00
6134, 0.00
6135, 0.00
6136, 1.00
6137, 1.00
6138, 0.00
6139, 1.00
6140, 1.00
6141, 1.00
6142, 1.00
6143, 0.00
6144, 0.00
6145, 1.00
6146, 1.00
6147, 0.00
6148, 0.00
6149, 0.00
6150, 0.00
6151, 1.00
6152, 0.00
6153, 0.00
6154, 1.00
6155, 0.00
6156, 0.00
6157, 0.00
6158, 0.00
6159, 0.00
6160, 0.00
6161, 0.00
6162, 1.00
6163, 0.00
6164, 1.00
6165, 0.00
6166, 1.00
6167, 0.00
6168, 1.00
6169, 0.00
6170, 0.00
6171, 1.00
6172, 0.00
6173, 0.00
6174, 0.00
6175, 0.00
6176, 0.00
6177, 1.00
6178, 0.00
6179, 1.00
6180, 0.00
6181, 0.00
6182, 1.00
6183, 0.00
6184, 0.00
6185, 1.00
6186, 1.00
6187, 1.00
6188, 0.00
6189, 1.00
6190, 1.00
6191, 1.00
6192, 1.00
6193, 1.00
6194, 0.00
6195, 1.00
6196, 1.00
6197, 1.00
6198, 0.00
6199, 1.00
6200, 0.00
6201, 1.00
6202, 0.00
6203, 0.00
6204, 1.00
6205, 1.00
6206, 1.00
6207, 0.00
6208, 0.00
6209, 0.00
6210, 0.00
6211, 1.00
6212, 0.00
6213, 0.00
6214, 1.00
6215, 0.00
6216, 1.00
6217, 0.00
6218, 0.00
6219, 1.00
6220, 0.00
6221, 0.00
6222, 1.00
6223, 1.00
6224, 0.00
6225, 1.00
6226, 1.00
6227, 0.00
6228, 0.00
6229, 1.00
6230, 1.00
6231, 0.00
6232, 0.00
6233, 0.00
6234, 1.00
6235, 0.00
6236, 0.00
6237, 1.00
6238, 0.00
6239, 1.00
6240, 1.00
6241, 1.00
6242, 1.00
6243, 1.00
6244, 1.00
6245, 0.00
6246, 0.00
6247, 0.00
6248, 1.00
6249, 0.00
6250, 1.00
6251, 0.00
6252, 0.00
6253, 0.00
6254, 0.00
6255, 0.00
6256, 0.00
6257, 1.00
6258, 1.00
6259, 0.00
6260, 1.00
6261, 0.00
6262, 1.00
6263, 1.00
6264, 0.00
6265, 0.00
6266, 1.00
6267, 0.00
6268, 1.00
6269, 0.00
6270, 0.00
6271, 1.00
6272, 0.00
6273, 0.00
6274, 0.00
6275, 0.00
6276, 0.00
6277, 1.00
6278, 0.00
6279, 0.00
6280, 1.00
6281, 0.00
6282, 0.00
6283, 0.00
6284, 1.00
6285, 1.00
6286, 1.00
6287, 1.00
6288, 0.00
6289, 0.00
6290, 1.00
6291, 0.00
6292, 0.00
6293, 0.00
6294, 0.00
6295, 1.00
6296, 1.00
6297, 0.00
6298, 0.00
6299, 1.00
6300, 0.00
6301, 0.00
6302, 0.00
6303, 0.00
6304, 1.00
6305, 0.00
6306, 1.00
6307, 1.00
6308, 0.00
6309, 0.00
6310, 1.00
6311, 0.00
6312, 0.00
6313, 0.00
6314, 0.00
6315, 0.00
6316, 1.00
6317, 1.00
6318, 0.00
6319, 0.00
6320, 1.00
6321, 1.00
6322, 1.00
6323, 1.00
6324, 1.00
6325, 0.00
6326, 0.00
6327, 0.00
6328, 0.00
6329, 0.00
6330, 1.00
6331, 0.00
6332, 0.00
6333, 0.00
6334, 0.00
6335, 1.00
6336, 1.00
6337, 0.00
6338, 1.00
6339, 0.00
6340, 0.00
6341, 0.00
6342, 0.00
6343, 0.00
6344, 1.00
6345, 0.00
6346, 1.00
6347, 0.00
6348, 1.00
6349, 0.00
6350, 0.00
6351, 0.00
6352, 1.00
6353, 0.00
6354, 0.00
6355, 1.00
6356, 0.00
6357, 1.00
6358, 0.00
6359, 1.00
6360, 1.00
6361, 0.00
6362, 1.00
6363, 1.00
6364, 0.00
6365, 1.00
6366, 0.00
6367, 1.00
6368, 0.00
6369, 1.00
6370, 1.00
6371, 1.00
6372, 0.00
6373, 1.00
6374, 0.00
6375, 0.00
6376, 1.00
6377, 0.00
6378, 1.00
6379, 0.00
6380, 0.00
6381, 0.00
6382, 0.00
6383, 1.00
6384, 0.00
6385, 1.00
6386, 0.00
6387, 0.00
6388, 0.00
6389, 0.00
6390, 1.00
6391, 0.00
6392, 0.00
6393, 1.00
6394, 0.00
6395, 0.00
6396, 1.00
6397, 0.00
6398, 0.00
6399, 0.00
6400, 1.00
6401, 1.00
6402, 0.00
6403, 0.00
6404, 1.00
6405, 0.00
6406, 0.00
6407, 1.00
6408, 0.00
6409, 1.00
6410, 0.00
6411, 0.00
6412, 1.00
6413, 0.00
6414, 1.00
6415, 1.00
6416, 0.00
6417, 0.00
6418, 0.00
6419, 1.00
6420, 1.00
6421, 1.00
6422, 0.00
6423, 0.00
6424, 0.00
6425, 1.00
6426, 1.00
6427, 0.00
6428, 0.00
6429, 0.00
6430, 1.00
6431, 0.00
6432, 1.00
6433, 0.00
6434, 0.00
6435, 0.00
6436, 0.00
6437, 1.00
6438, 0.00
6439, 0.00
6440, 0.00
6441, 1.00
6442, 1.00
6443, 0.00
6444, 0.00
6445, 0.00
6446, 0.00
6447, 0.00
6448, 1.00
6449, 0.00
6450, 0.00
6451, 0.00
6452, 0.00
6453, 1.00
6454, 1.00
6455, 0.00
6456, 1.00
6457, 0.00
6458, 0.00
6459, 0.00
6460, 0.00
6461, 1.00
6462, 0.00
6463, 0.00
6464, 1.00
6465, 0.00
6466, 0.00
6467, 0.00
6468, 1.00
6469, 1.00
6470, 0.00
6471, 1.00
6472, 0.00
6473, 0.00
6474, 0.00
6475, 0.00
6476, 1.00
6477, 1.00
6478, 0.00
6479, 0.00
6480, 0.00
6481, 0.00
6482, 0.00
6483, 0.00
6484, 0.00
6485, 0.00
6486, 0.00
6487, 1.00
6488, 1.00
6489, 0.00
6490, 0.00
6491, 0.00
6492, 0.00
6493, 1.00
6494, 0.00
6495, 1.00
6496, 0.00
6497, 1.00
6498, 0.00
6499, 1.00
6500, 1.00
6501, 1.00
6502, 0.00
6503, 0.00
6504, 0.00
6505, 0.00
6506, 0.00
6507, 0.00
6508, 1.00
6509, 1.00
6510, 1.00
6511, 1.00
6512, 1.00
6513, 0.00
6514, 0.00
6515, 0.00
6516, 1.00
6517, 0.00
6518, 0.00
6519, 0.00
6520, 0.00
6521, 1.00
6522, 1.00
6523, 0.00
6524, 0.00
6525, 0.00
6526, 1.00
6527, 1.00
6528, 1.00
6529, 1.00
6530, 1.00
6531, 0.00
6532, 0.00
6533, 0.00
6534, 0.00
6535, 0.00
6536, 1.00
6537, 1.00
6538, 0.00
6539, 1.00
6540, 1.00
6541, 1.00
6542, 0.00
6543, 1.00
6544, 1.00
6545, 1.00
6546, 0.00
6547, 0.00
6548, 1.00
6549, 1.00
6550, 0.00
6551, 0.00
6552, 0.00
6553, 1.00
6554, 0.00
6555, 1.00
6556, 0.00
6557, 1.00
6558, 0.00
6559, 0.00
6560, 0.00
6561, 1.00
6562, 0.00
6563, 0.00
6564, 0.00
6565, 0.00
6566, 0.00
6567, 1.00
6568, 1.00
6569, 0.00
6570, 0.00
6571, 1.00
6572, 1.00
6573, 1.00
6574, 1.00
6575, 0.00
6576, 0.00
6577, 1.00
6578, 0.00
6579, 0.00
6580, 0.00
6581, 0.00
6582, 0.00
6583, 1.00
6584, 1.00
6585, 0.00
6586, 0.00
6587, 0.00
6588, 1.00
6589, 0.00
6590, 1.00
6591, 0.00
6592, 1.00
6593, 0.00
6594, 0.00
6595, 1.00
6596, 0.00
6597, 1.00
6598, 1.00
6599, 0.00
6600, 0.00
6601, 0.00
6602, 1.00
6603, 0.00
6604, 0.00
6605, 0.00
6606, 1.00
6607, 0.00
6608, 0.00
6609, 1.00
6610, 0.00
6611, 0.00
6612, 0.00
6613, 1.00
6614, 0.00
6615, 0.00
6616, 0.00
6617, 1.00
6618, 0.00
6619, 1.00
6620, 0.00
6621, 0.00
6622, 1.00
6623, 0.00
6624, 0.00
6625, 0.00
6626, 1.00
6627, 1.00
6628, 1.00
6629, 1.00
6630, 1.00
6631, 1.00
6632, 1.00
6633, 0.00
6634, 0.00
6635, 1.00
6636, 0.00
6637, 1.00
6638, 0.00
6639, 1.00
6640, 0.00
6641, 1.00
6642, 0.00
6643, 0.00
6644, 0.00
6645, 0.00
6646, 0.00
6647, 0.00
6648, 0.00
6649, 0.00
6650, 0.00
6651, 1.00
6652, 0.00
6653, 1.00
6654, 1.00
6655, 0.00
6656, 0.00
6657, 1.00
6658, 1.00
6659, 1.00
6660, 1.00
6661, 1.00
6662, 0.00
6663, 0.00
6664, 0.00
6665, 1.00
6666, 1.00
6667, 0.00
6668, 1.00
6669, 1.00
6670, 1.00
6671, 1.00
6672, 0.00
6673, 0.00
6674, 1.00
6675, 0.00
6676, 1.00
6677, 0.00
6678, 1.00
6679, 1.00
6680, 0.00
6681, 1.00
6682, 1.00
6683, 0.00
6684, 0.00
6685, 1.00
6686, 0.00
6687, 1.00
6688, 1.00
6689, 1.00
6690, 1.00
6691, 0.00
6692, 1.00
6693, 1.00
6694, 0.00
6695, 0.00
6696, 1.00
6697, 0.00
6698, 0.00
6699, 1.00
6700, 1.00
6701, 0.00
6702, 0.00
6703, 0.00
6704, 1.00
6705, 0.00
6706, 0.00
6707, 0.00
6708, 1.00
6709, 1.00
6710, 0.00
6711, 1.00
6712, 1.00
6713, 0.00
6714, 0.00
6715, 0.00
6716, 1.00
6717, 0.00
6718, 0.00
6719, 0.00
6720, 0.00
6721, 1.00
6722, 0.00
6723, 1.00
6724, 0.00
6725, 0.00
6726, 0.00
6727, 0.00
6728, 0.00
6729, 1.00
6730, 1.00
6731, 0.00
6732, 1.00
6733, 0.00
6734, 1.00
6735, 1.00
6736, 0.00
6737, 0.00
6738, 1.00
6739, 1.00
6740, 1.00
6741, 1.00
6742, 0.00
6743, 0.00
6744, 1.00
6745, 1.00
6746, 0.00
6747, 0.00
6748, 1.00
6749, 1.00
6750, 0.00
6751, 0.00
6752, 0.00
6753, 0.00
6754, 0.00
6755, 0.00
6756, 0.00
6757, 1.00
6758, 1.00
6759, 0.00
6760, 1.00
6761, 0.00
6762, 0.00
6763, 0.00
6764, 0.00
6765, 0.00
6766, 0.00
6767, 1.00
6768, 1.00
6769, 0.00
6770, 1.00
6771, 0.00
6772, 1.00
6773, 0.00
6774, 1.00
6775, 1.00
6776, 1.00
6777, 1.00
6778, 0.00
6779, 0.00
6780, 1.00
6781, 1.00
6782, 1.00
6783, 0.00
6784, 1.00
6785, 0.00
6786, 0.00
6787, 1.00
6788, 0.00
6789, 1.00
6790, 0.00
6791, 1.00
6792, 1.00
6793, 0.00
6794, 0.00
6795, 1.00
6796, 1.00
6797, 0.00
6798, 1.00
6799, 0.00
6800, 1.00
6801, 1.00
6802, 0.00
6803, 1.00
6804, 0.00
6805, 1.00
6806, 1.00
6807, 1.00
6808, 0.00
6809, 0.00
6810, 0.00
6811, 1.00
6812, 1.00
6813, 0.00
6814, 0.00
6815, 0.00
6816, 1.00
6817, 1.00
6818, 1.00
6819, 1.00
6820, 0.00
6821, 1.00
6822, 0.00
6823, 1.00
6824, 0.00
6825, 1.00
6826, 1.00
6827, 0.00
6828, 0.00
6829, 0.00
6830, 0.00
6831, 1.00
6832, 0.00
6833, 1.00
6834, 0.00
6835, 0.00
6836, 0.00
6837, 0.00
6838, 0.00
6839, 0.00
6840, 0.00
6841, 1.00
6842, 1.00
6843, 1.00
6844, 0.00
6845, 1.00
6846, 0.00
6847, 1.00
6848, 0.00
6849, 1.00
6850, 1.00
6851, 0.00
6852, 0.00
6853, 0.00
6854, 1.00
6855, 1.00
6856, 0.00
6857, 0.00
6858, 0.00
6859, 0.00
6860, 0.00
6861, 1.00
6862, 1.00
6863, 0.00
6864, 1.00
6865, 0.00
6866, 0.00
6867, 1.00
6868, 1.00
6869, 1.00
6870, 0.00
6871, 0.00
6872, 0.00
6873, 1.00
6874, 0.00
6875, 0.00
6876, 1.00
6877, 0.00
6878, 0.00
6879, 0.00
6880, 1.00
6881, 1.00
6882, 0.00
6883, 1.00
6884, 1.00
6885, 0.00
6886, 0.00
6887, 0.00
6888, 1.00
6889, 0.00
6890, 1.00
6891, 1.00
6892, 1.00
6893, 0.00
6894, 1.00
6895, 1.00
6896, 0.00
6897, 1.00
6898, 0.00
6899, 0.00
6900, 1.00
6901, 0.00
6902, 0.00
6903, 0.00
6904, 0.00
6905, 1.00
6906, 0.00
6907, 0.00
6908, 0.00
6909, 0.00
6910, 0.00
6911, 1.00
6912, 1.00
6913, 0.00
6914, 0.00
6915, 0.00
6916, 0.00
6917, 1.00
6918, 0.00
6919, 1.00
6920, 1.00
6921, 1.00
6922, 0.00
6923, 0.00
6924, 1.00
6925, 0.00
6926, 1.00
6927, 0.00
6928, 1.00
6929, 0.00
6930, 0.00
6931, 1.00
6932, 1.00
6933, 1.00
6934, 0.00
6935, 1.00
6936, 1.00
6937, 1.00
6938, 0.00
6939, 0.00
6940, 1.00
6941, 1.00
6942, 0.00
6943, 0.00
6944, 1.00
6945, 0.00
6946, 0.00
6947, 1.00
6948, 0.00
6949, 1.00
6950, 0.00
6951, 1.00
6952, 1.00
6953, 0.00
6954, 1.00
6955, 1.00
6956, 0.00
6957, 0.00
6958, 0.00
6959, 1.00
6960, 0.00
6961, 1.00
6962, 0.00
6963, 1.00
6964, 1.00
6965, 1.00
6966, 1.00
6967, 0.00
6968, 1.00
6969, 0.00
6970, 0.00
6971, 0.00
6972, 0.00
6973, 0.00
6974, 1.00
6975, 1.00
6976, 0.00
6977, 0.00
6978, 0.00
6979, 0.00
6980, 0.00
6981, 0.00
6982, 0.00
6983, 1.00
6984, 0.00
6985, 0.00
6986, 0.00
6987, 1.00
6988, 1.00
6989, 1.00
6990, 1.00
6991, 0.00
6992, 0.00
6993, 1.00
6994, 0.00
6995, 1.00
6996, 1.00
6997, 1.00
6998, 1.00
6999, 0.00
7000, 1.00
7001, 0.00
7002, 1.00
7003, 1.00
7004, 1.00
7005, 1.00
7006, 0.00
7007, 0.00
7008, 1.00
7009, 1.00
7010, 1.00
7011, 0.00
7012, 0.00
7013, 1.00
7014, 1.00
7015, 0.00
7016, 0.00
7017, 0.00
7018, 0.00
7019, 0.00
7020, 0.00
7021, 0.00
7022, 0.00
7023, 1.00
7024, 1.00
7025, 0.00
7026, 1.00
7027, 0.00
7028, 1.00
7029, 1.00
7030, 1.00
7031, 0.00
7032, 0.00
7033, 0.00
7034, 1.00
7035, 1.00
7036, 1.00
7037, 0.00
7038, 0.00
7039, 0.00
7040, 0.00
7041, 0.00
7042, 0.00
7043, 0.00
7044, 0.00
7045, 1.00
7046, 1.00
7047, 0.00
7048, 1.00
7049, 1.00
7050, 0.00
7051, 0.00
7052, 0.00
7053, 0.00
7054, 0.00
7055, 1.00
7056, 0.00
7057, 1.00
7058, 1.00
7059, 0.00
7060, 0.00
7061, 0.00
7062, 0.00
7063, 0.00
7064, 0.00
7065, 1.00
7066, 0.00
7067, 0.00
7068, 0.00
7069, 1.00
7070, 1.00
7071, 1.00
7072, 1.00
7073, 0.00
7074, 0.00
7075, 0.00
7076, 1.00
7077, 0.00
7078, 0.00
7079, 1.00
7080, 1.00
7081, 1.00
7082, 0.00
7083, 0.00
7084, 0.00
7085, 0.00
7086, 0.00
7087, 1.00
7088, 1.00
7089, 0.00
7090, 0.00
7091, 1.00
7092, 0.00
7093, 0.00
7094, 0.00
7095, 1.00
7096, 1.00
7097, 0.00
7098, 1.00
7099, 0.00
7100, 0.00
7101, 0.00
7102, 1.00
7103, 0.00
7104, 1.00
7105, 1.00
7106, 1.00
7107, 0.00
7108, 1.00
7109, 0.00
7110, 0.00
7111, 1.00
7112, 0.00
7113, 1.00
7114, 1.00
7115, 0.00
7116, 1.00
7117, 0.00
7118, 1.00
7119, 1.00
7120, 0.00
7121, 0.00
7122, 0.00
7123, 1.00
7124, 0.00
7125, 0.00
7126, 0.00
7127, 1.00
7128, 0.00
7129, 1.00
7130, 1.00
7131, 1.00
7132, 0.00
7133, 0.00
7134, 0.00
7135, 0.00
7136, 0.00
7137, 0.00
7138, 1.00
7139, 1.00
7140, 0.00
7141, 0.00
7142, 0.00
7143, 0.00
7144, 0.00
7145, 1.00
7146, 0.00
7147, 0.00
7148, 1.00
7149, 1.00
7150, 0.00
7151, 0.00
7152, 1.00
7153, 0.00
7154, 0.00
7155, 1.00
7156, 1.00
7157, 1.00
7158, 0.00
7159, 0.00
7160, 0.00
7161, 0.00
7162, 0.00
7163, 0.00
7164, 1.00
7165, 1.00
7166, 1.00
7167, 0.00
7168, 0.00
7169, 0.00
7170, 1.00
7171, 0.00
7172, 1.00
7173, 0.00
7174, 0.00
7175, 0.00
7176, 1.00
7177, 0.00
7178, 0.00
7179, 1.00
7180, 1.00
7181, 1.00
7182, 0.00
7183, 1.00
7184, 1.00
7185, 1.00
7186, 0.00
7187, 0.00
7188, 1.00
7189, 1.00
7190, 1.00
7191, 0.00
7192, 1.00
7193, 0.00
7194, 0.00
7195, 1.00
7196, 0.00
7197, 0.00
7198, 1.00
7199, 0.00
7200, 1.00
7201, 1.00
7202, 1.00
7203, 0.00
7204, 0.00
7205, 0.00
7206, 0.00
7207, 0.00
7208, 1.00
7209, 1.00
7210, 0.00
7211, 0.00
7212, 0.00
7213, 0.00
7214, 0.00
7215, 0.00
7216, 1.00
7217, 1.00
7218, 1.00
7219, 0.00
7220, 1.00
7221, 1.00
7222, 1.00
7223, 0.00
7224, 0.00
7225, 1.00
7226, 1.00
7227, 1.00
7228, 0.00
7229, 0.00
7230, 0.00
7231, 1.00
7232, 0.00
7233, 0.00
7234, 0.00
7235, 0.00
7236, 1.00
7237, 1.00
7238, 0.00
7239, 0.00
7240, 0.00
7241, 1.00
7242, 1.00
7243, 1.00
7244, 0.00
7245, 0.00
7246, 0.00
7247, 0.00
7248, 0.00
7249, 0.00
7250, 1.00
7251, 0.00
7252, 1.00
7253, 1.00
7254, 0.00
7255, 1.00
7256, 0.00
7257, 1.00
7258, 1.00
7259, 1.00
7260, 0.00
7261, 0.00
7262, 1.00
7263, 1.00
7264, 0.00
7265, 0.00
7266, 0.00
7267, 1.00
7268, 0.00
7269, 1.00
7270, 0.00
7271, 1.00
7272, 1.00
7273, 0.00
7274, 1.00
7275, 1.00
7276, 0.00
7277, 0.00
7278, 1.00
7279, 1.00
7280, 1.00
7281, 0.00
7282, 0.00
7283, 0.00
7284, 0.00
7285, 1.00
7286, 1.00
7287, 1.00
7288, 0.00
7289, 0.00
7290, 1.00
7291, 1.00
7292, 0.00
7293, 1.00
7294, 0.00
7295, 0.00
7296, 1.00
7297, 1.00
7298, 1.00
7299, 1.00
7300, 0.00
7301, 0.00
7302, 1.00
7303, 0.00
7304, 0.00
7305, 1.00
7306, 1.00
7307, 1.00
7308, 0.00
7309, 0.00
7310, 1.00
7311, 0.00
7312, 0.00
7313, 0.00
7314, 0.00
7315, 0.00
7316, 0.00
7317, 1.00
7318, 0.00
7319, 1.00
7320, 0.00
7321, 1.00
7322, 1.00
7323, 0.00
7324, 1.00
7325, 0.00
7326, 1.00
7327, 1.00
7328, 0.00
7329, 1.00
7330, 0.00
7331, 1.00
7332, 0.00
7333, 0.00
7334, 1.00
7335, 1.00
7336, 0.00
7337, 0.00
7338, 0.00
7339, 1.00
7340, 0.00
7341, 0.00
7342, 1.00
7343, 1.00
7344, 0.00
7345, 0.00
7346, 1.00
7347, 1.00
7348, 0.00
7349, 1.00
7350, 0.00
7351, 1.00
7352, 1.00
7353, 0.00
7354, 1.00
7355, 1.00
7356, 0.00
7357, 0.00
7358, 0.00
7359, 1.00
7360, 1.00
7361, 1.00
7362, 1.00
7363, 0.00
7364, 1.00
7365, 0.00
7366, 1.00
7367, 1.00
7368, 1.00
7369, 0.00
7370, 0.00
7371, 0.00
7372, 0.00
7373, 1.00
7374, 0.00
7375, 0.00
7376, 1.00
7377, 0.00
7378, 0.00
7379, 1.00
7380, 1.00
7381, 0.00
7382, 0.00
7383, 1.00
7384, 1.00
7385, 0.00
7386, 1.00
7387, 0.00
7388, 1.00
7389, 1.00
7390, 1.00
7391, 0.00
7392, 0.00
7393, 0.00
7394, 1.00
7395, 1.00
7396, 1.00
7397, 1.00
7398, 0.00
7399, 0.00
7400, 0.00
7401, 1.00
7402, 1.00
7403, 0.00
7404, 0.00
7405, 0.00
7406, 0.00
7407, 0.00
7408, 1.00
7409, 0.00
7410, 0.00
7411, 0.00
7412, 0.00
7413, 0.00
7414, 1.00
7415, 1.00
7416, 0.00
7417, 1.00
7418, 0.00
7419, 0.00
7420, 1.00
7421, 1.00
