ID,Predicted
0, 0.25
1, 0.21
2, 0.51
3, 0.22
4, 0.83
5, 0.19
6, 0.41
7, 0.47
8, 0.28
9, 0.60
10, 0.37
11, 0.57
12, 0.35
13, 0.59
14, 0.85
15, 0.76
16, 0.81
17, 0.75
18, 0.45
19, 0.22
20, 0.64
21, 0.81
22, 0.53
23, 0.50
24, 0.55
25, 0.43
26, 0.35
27, 0.43
28, 0.46
29, 0.20
30, 0.70
31, 0.33
32, 0.77
33, 0.20
34, 0.67
35, 0.21
36, 0.44
37, 0.40
38, 0.63
39, 0.33
40, 0.63
41, 0.47
42, 0.58
43, 0.72
44, 0.59
45, 0.42
46, 0.55
47, 0.34
48, 0.80
49, 0.20
50, 0.52
51, 0.23
52, 0.18
53, 0.40
54, 0.53
55, 0.62
56, 0.76
57, 0.23
58, 0.19
59, 0.56
60, 0.76
61, 0.29
62, 0.52
63, 0.84
64, 0.86
65, 0.24
66, 0.83
67, 0.43
68, 0.19
69, 0.77
70, 0.78
71, 0.81
72, 0.77
73, 0.66
74, 0.25
75, 0.76
76, 0.31
77, 0.50
78, 0.52
79, 0.22
80, 0.22
81, 0.55
82, 0.68
83, 0.86
84, 0.85
85, 0.51
86, 0.70
87, 0.48
88, 0.27
89, 0.85
90, 0.27
91, 0.75
92, 0.61
93, 0.69
94, 0.26
95, 0.71
96, 0.19
97, 0.60
98, 0.86
99, 0.50
100, 0.27
101, 0.65
102, 0.20
103, 0.63
104, 0.32
105, 0.72
106, 0.33
107, 0.63
108, 0.27
109, 0.83
110, 0.21
111, 0.24
112, 0.24
113, 0.73
114, 0.36
115, 0.59
116, 0.70
117, 0.72
118, 0.19
119, 0.65
120, 0.22
121, 0.42
122, 0.79
123, 0.36
124, 0.27
125, 0.19
126, 0.33
127, 0.84
128, 0.40
129, 0.42
130, 0.19
131, 0.86
132, 0.29
133, 0.60
134, 0.34
135, 0.79
136, 0.21
137, 0.27
138, 0.33
139, 0.76
140, 0.77
141, 0.38
142, 0.51
143, 0.46
144, 0.85
145, 0.49
146, 0.69
147, 0.45
148, 0.39
149, 0.27
150, 0.35
151, 0.82
152, 0.20
153, 0.20
154, 0.47
155, 0.57
156, 0.84
157, 0.72
158, 0.39
159, 0.21
160, 0.78
161, 0.53
162, 0.32
163, 0.23
164, 0.23
165, 0.41
166, 0.22
167, 0.40
168, 0.73
169, 0.29
170, 0.63
171, 0.62
172, 0.28
173, 0.78
174, 0.32
175, 0.39
176, 0.69
177, 0.26
178, 0.78
179, 0.61
180, 0.24
181, 0.42
182, 0.57
183, 0.43
184, 0.30
185, 0.64
186, 0.70
187, 0.61
188, 0.74
189, 0.61
190, 0.53
191, 0.71
192, 0.38
193, 0.84
194, 0.30
195, 0.33
196, 0.70
197, 0.44
198, 0.19
199, 0.21
200, 0.32
201, 0.24
202, 0.43
203, 0.33
204, 0.84
205, 0.28
206, 0.20
207, 0.34
208, 0.83
209, 0.47
210, 0.25
211, 0.40
212, 0.19
213, 0.65
214, 0.51
215, 0.53
216, 0.62
217, 0.78
218, 0.29
219, 0.19
220, 0.25
221, 0.61
222, 0.80
223, 0.71
224, 0.55
225, 0.41
226, 0.74
227, 0.37
228, 0.22
229, 0.22
230, 0.21
231, 0.21
232, 0.45
233, 0.40
234, 0.31
235, 0.22
236, 0.46
237, 0.23
238, 0.34
239, 0.55
240, 0.32
241, 0.23
242, 0.19
243, 0.27
244, 0.37
245, 0.36
246, 0.29
247, 0.84
248, 0.76
249, 0.28
250, 0.83
251, 0.21
252, 0.76
253, 0.21
254, 0.58
255, 0.78
256, 0.67
257, 0.74
258, 0.84
259, 0.34
260, 0.21
261, 0.22
262, 0.82
263, 0.84
264, 0.39
265, 0.24
266, 0.45
267, 0.75
268, 0.40
269, 0.68
270, 0.59
271, 0.45
272, 0.40
273, 0.19
274, 0.81
275, 0.48
276, 0.21
277, 0.22
278, 0.38
279, 0.32
280, 0.86
281, 0.81
282, 0.83
283, 0.52
284, 0.70
285, 0.27
286, 0.31
287, 0.49
288, 0.86
289, 0.66
290, 0.70
291, 0.34
292, 0.81
293, 0.36
294, 0.20
295, 0.61
296, 0.26
297, 0.33
298, 0.23
299, 0.75
300, 0.28
301, 0.69
302, 0.72
303, 0.22
304, 0.22
305, 0.72
306, 0.54
307, 0.31
308, 0.74
309, 0.51
310, 0.63
311, 0.20
312, 0.72
313, 0.41
314, 0.63
315, 0.81
316, 0.77
317, 0.83
318, 0.23
319, 0.19
320, 0.19
321, 0.85
322, 0.20
323, 0.22
324, 0.47
325, 0.63
326, 0.60
327, 0.52
328, 0.30
329, 0.42
330, 0.86
331, 0.59
332, 0.19
333, 0.20
334, 0.84
335, 0.81
336, 0.23
337, 0.39
338, 0.41
339, 0.61
340, 0.44
341, 0.59
342, 0.55
343, 0.19
344, 0.83
345, 0.72
346, 0.22
347, 0.54
348, 0.25
349, 0.66
350, 0.33
351, 0.24
352, 0.53
353, 0.60
354, 0.28
355, 0.76
356, 0.19
357, 0.58
358, 0.22
359, 0.73
360, 0.39
361, 0.36
362, 0.70
363, 0.56
364, 0.63
365, 0.47
366, 0.52
367, 0.45
368, 0.19
369, 0.21
370, 0.22
371, 0.75
372, 0.25
373, 0.42
374, 0.38
375, 0.27
376, 0.60
377, 0.44
378, 0.52
379, 0.34
380, 0.70
381, 0.20
382, 0.39
383, 0.60
384, 0.81
385, 0.26
386, 0.19
387, 0.66
388, 0.56
389, 0.20
390, 0.86
391, 0.24
392, 0.75
393, 0.29
394, 0.72
395, 0.57
396, 0.35
397, 0.84
398, 0.28
399, 0.72
400, 0.71
401, 0.26
402, 0.50
403, 0.46
404, 0.22
405, 0.62
406, 0.24
407, 0.49
408, 0.19
409, 0.67
410, 0.34
411, 0.37
412, 0.62
413, 0.54
414, 0.26
415, 0.76
416, 0.43
417, 0.75
418, 0.75
419, 0.49
420, 0.49
421, 0.33
422, 0.44
423, 0.78
424, 0.86
425, 0.81
426, 0.36
427, 0.82
428, 0.85
429, 0.22
430, 0.34
431, 0.80
432, 0.59
433, 0.22
434, 0.85
435, 0.59
436, 0.66
437, 0.58
438, 0.38
439, 0.22
440, 0.82
441, 0.26
442, 0.19
443, 0.34
444, 0.69
445, 0.52
446, 0.67
447, 0.22
448, 0.36
449, 0.55
450, 0.50
451, 0.20
452, 0.59
453, 0.38
454, 0.34
455, 0.74
456, 0.24
457, 0.54
458, 0.62
459, 0.57
460, 0.80
461, 0.73
462, 0.67
463, 0.84
464, 0.85
465, 0.41
466, 0.73
467, 0.68
468, 0.83
469, 0.67
470, 0.38
471, 0.49
472, 0.43
473, 0.25
474, 0.84
475, 0.79
476, 0.82
477, 0.34
478, 0.24
479, 0.53
480, 0.60
481, 0.86
482, 0.86
483, 0.49
484, 0.26
485, 0.74
486, 0.19
487, 0.86
488, 0.36
489, 0.36
490, 0.19
491, 0.54
492, 0.81
493, 0.67
494, 0.77
495, 0.38
496, 0.21
497, 0.65
498, 0.84
499, 0.54
500, 0.86
501, 0.29
502, 0.20
503, 0.32
504, 0.84
505, 0.86
506, 0.30
507, 0.70
508, 0.66
509, 0.55
510, 0.80
511, 0.31
512, 0.27
513, 0.22
514, 0.46
515, 0.71
516, 0.21
517, 0.76
518, 0.36
519, 0.32
520, 0.69
521, 0.73
522, 0.28
523, 0.27
524, 0.42
525, 0.72
526, 0.33
527, 0.61
528, 0.57
529, 0.59
530, 0.64
531, 0.36
532, 0.69
533, 0.69
534, 0.46
535, 0.29
536, 0.46
537, 0.61
538, 0.74
539, 0.59
540, 0.59
541, 0.35
542, 0.54
543, 0.86
544, 0.30
545, 0.41
546, 0.85
547, 0.34
548, 0.25
549, 0.30
550, 0.34
551, 0.27
552, 0.84
553, 0.21
554, 0.56
555, 0.67
556, 0.21
557, 0.78
558, 0.54
559, 0.55
560, 0.76
561, 0.20
562, 0.74
563, 0.85
564, 0.28
565, 0.82
566, 0.21
567, 0.84
568, 0.22
569, 0.86
570, 0.41
571, 0.33
572, 0.70
573, 0.19
574, 0.26
575, 0.54
576, 0.52
577, 0.38
578, 0.64
579, 0.80
580, 0.49
581, 0.76
582, 0.28
583, 0.52
584, 0.31
585, 0.68
586, 0.20
587, 0.47
588, 0.86
589, 0.18
590, 0.28
591, 0.58
592, 0.69
593, 0.84
594, 0.72
595, 0.51
596, 0.61
597, 0.29
598, 0.76
599, 0.71
600, 0.52
601, 0.85
602, 0.60
603, 0.19
604, 0.69
605, 0.18
606, 0.31
607, 0.22
608, 0.85
609, 0.22
610, 0.34
611, 0.60
612, 0.26
613, 0.31
614, 0.70
615, 0.28
616, 0.19
617, 0.26
618, 0.19
619, 0.22
620, 0.47
621, 0.45
622, 0.37
623, 0.74
624, 0.19
625, 0.20
626, 0.46
627, 0.86
628, 0.34
629, 0.65
630, 0.46
631, 0.21
632, 0.21
633, 0.64
634, 0.54
635, 0.38
636, 0.86
637, 0.45
638, 0.63
639, 0.37
640, 0.27
641, 0.43
642, 0.49
643, 0.57
644, 0.23
645, 0.36
646, 0.24
647, 0.52
648, 0.78
649, 0.32
650, 0.21
651, 0.53
652, 0.74
653, 0.69
654, 0.81
655, 0.33
656, 0.69
657, 0.79
658, 0.72
659, 0.35
660, 0.83
661, 0.37
662, 0.48
663, 0.54
664, 0.24
665, 0.40
666, 0.19
667, 0.86
668, 0.74
669, 0.84
670, 0.25
671, 0.79
672, 0.83
673, 0.84
674, 0.35
675, 0.83
676, 0.21
677, 0.42
678, 0.23
679, 0.66
680, 0.80
681, 0.84
682, 0.42
683, 0.36
684, 0.20
685, 0.77
686, 0.45
687, 0.52
688, 0.28
689, 0.69
690, 0.23
691, 0.76
692, 0.60
693, 0.35
694, 0.75
695, 0.53
696, 0.68
697, 0.32
698, 0.19
699, 0.44
700, 0.19
701, 0.22
702, 0.78
703, 0.37
704, 0.53
705, 0.63
706, 0.41
707, 0.19
708, 0.28
709, 0.60
710, 0.84
711, 0.44
712, 0.37
713, 0.58
714, 0.23
715, 0.25
716, 0.43
717, 0.27
718, 0.63
719, 0.55
720, 0.19
721, 0.31
722, 0.22
723, 0.20
724, 0.23
725, 0.33
726, 0.63
727, 0.66
728, 0.45
729, 0.28
730, 0.46
731, 0.21
732, 0.35
733, 0.86
734, 0.21
735, 0.26
736, 0.30
737, 0.35
738, 0.43
739, 0.25
740, 0.59
741, 0.22
742, 0.45
743, 0.21
744, 0.85
745, 0.59
746, 0.29
747, 0.32
748, 0.37
749, 0.38
750, 0.66
751, 0.29
752, 0.79
753, 0.86
754, 0.46
755, 0.77
756, 0.59
757, 0.77
758, 0.24
759, 0.62
760, 0.19
761, 0.23
762, 0.28
763, 0.22
764, 0.19
765, 0.47
766, 0.67
767, 0.44
768, 0.32
769, 0.80
770, 0.66
771, 0.69
772, 0.36
773, 0.81
774, 0.66
775, 0.85
776, 0.70
777, 0.62
778, 0.74
779, 0.63
780, 0.30
781, 0.33
782, 0.61
783, 0.68
784, 0.63
785, 0.25
786, 0.37
787, 0.30
788, 0.73
789, 0.22
790, 0.72
791, 0.58
792, 0.59
793, 0.32
794, 0.70
795, 0.73
796, 0.54
797, 0.57
798, 0.71
799, 0.84
800, 0.35
801, 0.78
802, 0.39
803, 0.22
804, 0.40
805, 0.27
806, 0.22
807, 0.62
808, 0.22
809, 0.37
810, 0.34
811, 0.82
812, 0.84
813, 0.21
814, 0.31
815, 0.20
816, 0.20
817, 0.28
818, 0.69
819, 0.40
820, 0.28
821, 0.19
822, 0.61
823, 0.53
824, 0.20
825, 0.43
826, 0.46
827, 0.68
828, 0.86
829, 0.69
830, 0.24
831, 0.79
832, 0.71
833, 0.59
834, 0.44
835, 0.67
836, 0.77
837, 0.34
838, 0.57
839, 0.36
840, 0.25
841, 0.22
842, 0.43
843, 0.20
844, 0.20
845, 0.30
846, 0.54
847, 0.19
848, 0.24
849, 0.76
850, 0.19
851, 0.33
852, 0.42
853, 0.69
854, 0.73
855, 0.82
856, 0.43
857, 0.37
858, 0.46
859, 0.45
860, 0.78
861, 0.27
862, 0.77
863, 0.34
864, 0.82
865, 0.24
866, 0.25
867, 0.22
868, 0.34
869, 0.36
870, 0.24
871, 0.40
872, 0.84
873, 0.80
874, 0.74
875, 0.19
876, 0.33
877, 0.23
878, 0.37
879, 0.39
880, 0.66
881, 0.52
882, 0.32
883, 0.70
884, 0.78
885, 0.29
886, 0.85
887, 0.22
888, 0.75
889, 0.45
890, 0.84
891, 0.33
892, 0.82
893, 0.19
894, 0.86
895, 0.63
896, 0.33
897, 0.63
898, 0.32
899, 0.33
900, 0.33
901, 0.67
902, 0.40
903, 0.45
904, 0.82
905, 0.83
906, 0.42
907, 0.83
908, 0.29
909, 0.79
910, 0.22
911, 0.58
912, 0.19
913, 0.39
914, 0.20
915, 0.79
916, 0.76
917, 0.84
918, 0.19
919, 0.72
920, 0.19
921, 0.62
922, 0.74
923, 0.67
924, 0.70
925, 0.41
926, 0.34
927, 0.83
928, 0.21
929, 0.29
930, 0.33
931, 0.21
932, 0.28
933, 0.60
934, 0.42
935, 0.28
936, 0.69
937, 0.37
938, 0.45
939, 0.41
940, 0.83
941, 0.21
942, 0.76
943, 0.66
944, 0.24
945, 0.36
946, 0.57
947, 0.86
948, 0.21
949, 0.68
950, 0.54
951, 0.80
952, 0.23
953, 0.73
954, 0.23
955, 0.37
956, 0.27
957, 0.28
958, 0.30
959, 0.62
960, 0.29
961, 0.25
962, 0.25
963, 0.19
964, 0.21
965, 0.22
966, 0.68
967, 0.71
968, 0.69
969, 0.51
970, 0.40
971, 0.21
972, 0.47
973, 0.20
974, 0.68
975, 0.40
976, 0.63
977, 0.77
978, 0.32
979, 0.21
980, 0.50
981, 0.51
982, 0.44
983, 0.30
984, 0.37
985, 0.66
986, 0.19
987, 0.42
988, 0.50
989, 0.44
990, 0.22
991, 0.84
992, 0.25
993, 0.31
994, 0.18
995, 0.33
996, 0.53
997, 0.73
998, 0.24
999, 0.25
1000, 0.21
1001, 0.48
1002, 0.27
1003, 0.45
1004, 0.85
1005, 0.83
1006, 0.20
1007, 0.84
1008, 0.28
1009, 0.23
1010, 0.23
1011, 0.22
1012, 0.82
1013, 0.23
1014, 0.23
1015, 0.32
1016, 0.55
1017, 0.51
1018, 0.48
1019, 0.82
1020, 0.19
1021, 0.30
1022, 0.76
1023, 0.42
1024, 0.32
1025, 0.19
1026, 0.85
1027, 0.46
1028, 0.84
1029, 0.46
1030, 0.86
1031, 0.83
1032, 0.57
1033, 0.43
1034, 0.74
1035, 0.53
1036, 0.34
1037, 0.39
1038, 0.36
1039, 0.47
1040, 0.26
1041, 0.68
1042, 0.83
1043, 0.27
1044, 0.58
1045, 0.52
1046, 0.23
1047, 0.43
1048, 0.19
1049, 0.18
1050, 0.22
1051, 0.79
1052, 0.80
1053, 0.39
1054, 0.30
1055, 0.85
1056, 0.18
1057, 0.46
1058, 0.32
1059, 0.49
1060, 0.78
1061, 0.55
1062, 0.49
1063, 0.29
1064, 0.71
1065, 0.20
1066, 0.86
1067, 0.52
1068, 0.82
1069, 0.59
1070, 0.72
1071, 0.86
1072, 0.61
1073, 0.65
1074, 0.18
1075, 0.30
1076, 0.24
1077, 0.50
1078, 0.71
1079, 0.22
1080, 0.81
1081, 0.33
1082, 0.41
1083, 0.78
1084, 0.77
1085, 0.37
1086, 0.53
1087, 0.30
1088, 0.76
1089, 0.80
1090, 0.44
1091, 0.80
1092, 0.59
1093, 0.22
1094, 0.45
1095, 0.66
1096, 0.36
1097, 0.60
1098, 0.64
1099, 0.44
1100, 0.38
1101, 0.57
1102, 0.81
1103, 0.52
1104, 0.57
1105, 0.28
1106, 0.19
1107, 0.52
1108, 0.21
1109, 0.25
1110, 0.75
1111, 0.28
1112, 0.80
1113, 0.36
1114, 0.80
1115, 0.76
1116, 0.20
1117, 0.23
1118, 0.24
1119, 0.69
1120, 0.85
1121, 0.60
1122, 0.33
1123, 0.82
1124, 0.82
1125, 0.27
1126, 0.28
1127, 0.31
1128, 0.78
1129, 0.52
1130, 0.31
1131, 0.57
1132, 0.54
1133, 0.66
1134, 0.30
1135, 0.26
1136, 0.31
1137, 0.46
1138, 0.62
1139, 0.34
1140, 0.82
1141, 0.28
1142, 0.64
1143, 0.44
1144, 0.63
1145, 0.44
1146, 0.36
1147, 0.20
1148, 0.85
1149, 0.85
1150, 0.74
1151, 0.21
1152, 0.79
1153, 0.22
1154, 0.26
1155, 0.28
1156, 0.20
1157, 0.59
1158, 0.31
1159, 0.70
1160, 0.51
1161, 0.37
1162, 0.25
1163, 0.52
1164, 0.86
1165, 0.86
1166, 0.54
1167, 0.42
1168, 0.61
1169, 0.47
1170, 0.29
1171, 0.45
1172, 0.81
1173, 0.59
1174, 0.85
1175, 0.54
1176, 0.69
1177, 0.19
1178, 0.21
1179, 0.40
1180, 0.33
1181, 0.67
1182, 0.34
1183, 0.75
1184, 0.79
1185, 0.57
1186, 0.84
1187, 0.71
1188, 0.40
1189, 0.56
1190, 0.24
1191, 0.86
1192, 0.75
1193, 0.74
1194, 0.75
1195, 0.45
1196, 0.26
1197, 0.23
1198, 0.22
1199, 0.84
1200, 0.39
1201, 0.51
1202, 0.33
1203, 0.86
1204, 0.22
1205, 0.64
1206, 0.19
1207, 0.71
1208, 0.24
1209, 0.20
1210, 0.49
1211, 0.34
1212, 0.83
1213, 0.67
1214, 0.55
1215, 0.71
1216, 0.49
1217, 0.22
1218, 0.27
1219, 0.57
1220, 0.22
1221, 0.85
1222, 0.63
1223, 0.78
1224, 0.64
1225, 0.25
1226, 0.73
1227, 0.22
1228, 0.35
1229, 0.39
1230, 0.29
1231, 0.25
1232, 0.80
1233, 0.69
1234, 0.78
1235, 0.23
1236, 0.86
1237, 0.58
1238, 0.82
1239, 0.74
1240, 0.60
1241, 0.63
1242, 0.70
1243, 0.70
1244, 0.20
1245, 0.80
1246, 0.41
1247, 0.23
1248, 0.60
1249, 0.57
1250, 0.70
1251, 0.31
1252, 0.80
1253, 0.50
1254, 0.57
1255, 0.64
1256, 0.86
1257, 0.77
1258, 0.80
1259, 0.52
1260, 0.19
1261, 0.43
1262, 0.35
1263, 0.24
1264, 0.76
1265, 0.42
1266, 0.31
1267, 0.33
1268, 0.75
1269, 0.49
1270, 0.49
1271, 0.34
1272, 0.83
1273, 0.83
1274, 0.75
1275, 0.23
1276, 0.39
1277, 0.19
1278, 0.25
1279, 0.83
1280, 0.29
1281, 0.22
1282, 0.19
1283, 0.69
1284, 0.59
1285, 0.85
1286, 0.57
1287, 0.74
1288, 0.73
1289, 0.27
1290, 0.51
1291, 0.70
1292, 0.79
1293, 0.83
1294, 0.73
1295, 0.67
1296, 0.36
1297, 0.81
1298, 0.23
1299, 0.19
1300, 0.22
1301, 0.78
1302, 0.21
1303, 0.29
1304, 0.19
1305, 0.40
1306, 0.84
1307, 0.48
1308, 0.57
1309, 0.29
1310, 0.31
1311, 0.53
1312, 0.21
1313, 0.42
1314, 0.80
1315, 0.85
1316, 0.21
1317, 0.19
1318, 0.32
1319, 0.47
1320, 0.79
1321, 0.34
1322, 0.24
1323, 0.33
1324, 0.30
1325, 0.29
1326, 0.44
1327, 0.47
1328, 0.34
1329, 0.80
1330, 0.29
1331, 0.38
1332, 0.76
1333, 0.35
1334, 0.73
1335, 0.69
1336, 0.81
1337, 0.39
1338, 0.79
1339, 0.84
1340, 0.45
1341, 0.21
1342, 0.40
1343, 0.55
1344, 0.74
1345, 0.76
1346, 0.24
1347, 0.45
1348, 0.32
1349, 0.24
1350, 0.54
1351, 0.68
1352, 0.24
1353, 0.31
1354, 0.49
1355, 0.39
1356, 0.20
1357, 0.62
1358, 0.66
1359, 0.22
1360, 0.70
1361, 0.34
1362, 0.86
1363, 0.86
1364, 0.45
1365, 0.55
1366, 0.37
1367, 0.86
1368, 0.20
1369, 0.54
1370, 0.72
1371, 0.67
1372, 0.77
1373, 0.26
1374, 0.26
1375, 0.86
1376, 0.62
1377, 0.18
1378, 0.42
1379, 0.61
1380, 0.43
1381, 0.74
1382, 0.21
1383, 0.52
1384, 0.28
1385, 0.74
1386, 0.65
1387, 0.50
1388, 0.83
1389, 0.32
1390, 0.79
1391, 0.81
1392, 0.27
1393, 0.74
1394, 0.61
1395, 0.75
1396, 0.37
1397, 0.40
1398, 0.33
1399, 0.21
1400, 0.49
1401, 0.64
1402, 0.54
1403, 0.79
1404, 0.20
1405, 0.22
1406, 0.30
1407, 0.79
1408, 0.43
1409, 0.22
1410, 0.85
1411, 0.23
1412, 0.86
1413, 0.73
1414, 0.68
1415, 0.18
1416, 0.82
1417, 0.32
1418, 0.36
1419, 0.39
1420, 0.59
1421, 0.19
1422, 0.79
1423, 0.30
1424, 0.36
1425, 0.41
1426, 0.46
1427, 0.34
1428, 0.79
1429, 0.32
1430, 0.36
1431, 0.71
1432, 0.77
1433, 0.83
1434, 0.73
1435, 0.25
1436, 0.23
1437, 0.33
1438, 0.20
1439, 0.64
1440, 0.55
1441, 0.26
1442, 0.21
1443, 0.30
1444, 0.50
1445, 0.22
1446, 0.22
1447, 0.19
1448, 0.25
1449, 0.19
1450, 0.53
1451, 0.71
1452, 0.70
1453, 0.74
1454, 0.31
1455, 0.50
1456, 0.40
1457, 0.70
1458, 0.19
1459, 0.32
1460, 0.36
1461, 0.19
1462, 0.40
1463, 0.38
1464, 0.29
1465, 0.26
1466, 0.79
1467, 0.19
1468, 0.72
1469, 0.50
1470, 0.25
1471, 0.20
1472, 0.34
1473, 0.23
1474, 0.34
1475, 0.71
1476, 0.66
1477, 0.41
1478, 0.52
1479, 0.61
1480, 0.84
1481, 0.53
1482, 0.47
1483, 0.32
1484, 0.19
1485, 0.68
1486, 0.54
1487, 0.78
1488, 0.28
1489, 0.60
1490, 0.22
1491, 0.24
1492, 0.37
1493, 0.38
1494, 0.77
1495, 0.83
1496, 0.30
1497, 0.78
1498, 0.19
1499, 0.19
1500, 0.20
1501, 0.40
1502, 0.35
1503, 0.40
1504, 0.82
1505, 0.26
1506, 0.74
1507, 0.26
1508, 0.62
1509, 0.31
1510, 0.57
1511, 0.42
1512, 0.22
1513, 0.20
1514, 0.85
1515, 0.81
1516, 0.42
1517, 0.85
1518, 0.63
1519, 0.65
1520, 0.21
1521, 0.81
1522, 0.41
1523, 0.22
1524, 0.35
1525, 0.80
1526, 0.23
1527, 0.22
1528, 0.57
1529, 0.65
1530, 0.50
1531, 0.81
1532, 0.19
1533, 0.73
1534, 0.59
1535, 0.49
1536, 0.80
1537, 0.67
1538, 0.86
1539, 0.58
1540, 0.63
1541, 0.85
1542, 0.80
1543, 0.43
1544, 0.37
1545, 0.47
1546, 0.46
1547, 0.69
1548, 0.68
1549, 0.60
1550, 0.27
1551, 0.80
1552, 0.39
1553, 0.30
1554, 0.77
1555, 0.21
1556, 0.48
1557, 0.86
1558, 0.36
1559, 0.28
1560, 0.83
1561, 0.29
1562, 0.22
1563, 0.21
1564, 0.83
1565, 0.63
1566, 0.44
1567, 0.75
1568, 0.27
1569, 0.85
1570, 0.67
1571, 0.58
1572, 0.83
1573, 0.24
1574, 0.19
1575, 0.34
1576, 0.71
1577, 0.83
1578, 0.82
1579, 0.36
1580, 0.24
1581, 0.41
1582, 0.48
1583, 0.70
1584, 0.35
1585, 0.32
1586, 0.21
1587, 0.64
1588, 0.66
1589, 0.74
1590, 0.80
1591, 0.76
1592, 0.68
1593, 0.49
1594, 0.75
1595, 0.22
1596, 0.46
1597, 0.76
1598, 0.32
1599, 0.63
1600, 0.18
1601, 0.21
1602, 0.53
1603, 0.51
1604, 0.45
1605, 0.25
1606, 0.70
1607, 0.47
1608, 0.35
1609, 0.27
1610, 0.71
1611, 0.22
1612, 0.21
1613, 0.24
1614, 0.68
1615, 0.86
1616, 0.34
1617, 0.63
1618, 0.83
1619, 0.33
1620, 0.81
1621, 0.45
1622, 0.61
1623, 0.52
1624, 0.78
1625, 0.80
1626, 0.33
1627, 0.78
1628, 0.64
1629, 0.35
1630, 0.55
1631, 0.38
1632, 0.54
1633, 0.29
1634, 0.35
1635, 0.69
1636, 0.84
1637, 0.75
1638, 0.38
1639, 0.62
1640, 0.18
1641, 0.78
1642, 0.82
1643, 0.79
1644, 0.34
1645, 0.36
1646, 0.19
1647, 0.85
1648, 0.58
1649, 0.19
1650, 0.63
1651, 0.23
1652, 0.22
1653, 0.72
1654, 0.38
1655, 0.48
1656, 0.35
1657, 0.29
1658, 0.40
1659, 0.59
1660, 0.77
1661, 0.21
1662, 0.62
1663, 0.80
1664, 0.59
1665, 0.79
1666, 0.34
1667, 0.71
1668, 0.66
1669, 0.37
1670, 0.42
1671, 0.80
1672, 0.32
1673, 0.31
1674, 0.81
1675, 0.22
1676, 0.19
1677, 0.66
1678, 0.42
1679, 0.29
1680, 0.29
1681, 0.44
1682, 0.82
1683, 0.21
1684, 0.40
1685, 0.76
1686, 0.68
1687, 0.31
1688, 0.22
1689, 0.41
1690, 0.49
1691, 0.81
1692, 0.22
1693, 0.22
1694, 0.43
1695, 0.80
1696, 0.75
1697, 0.82
1698, 0.56
1699, 0.57
1700, 0.30
1701, 0.78
1702, 0.74
1703, 0.83
1704, 0.60
1705, 0.28
1706, 0.84
1707, 0.41
1708, 0.27
1709, 0.78
1710, 0.40
1711, 0.25
1712, 0.48
1713, 0.30
1714, 0.76
1715, 0.70
1716, 0.83
1717, 0.47
1718, 0.18
1719, 0.68
1720, 0.29
1721, 0.45
1722, 0.38
1723, 0.44
1724, 0.22
1725, 0.72
1726, 0.80
1727, 0.28
1728, 0.57
1729, 0.37
1730, 0.23
1731, 0.35
1732, 0.33
1733, 0.45
1734, 0.52
1735, 0.25
1736, 0.76
1737, 0.68
1738, 0.83
1739, 0.71
1740, 0.50
1741, 0.75
1742, 0.57
1743, 0.21
1744, 0.21
1745, 0.60
1746, 0.76
1747, 0.37
1748, 0.57
1749, 0.66
1750, 0.75
1751, 0.18
1752, 0.40
1753, 0.46
1754, 0.44
1755, 0.83
1756, 0.26
1757, 0.32
1758, 0.37
1759, 0.78
1760, 0.79
1761, 0.65
1762, 0.21
1763, 0.57
1764, 0.84
1765, 0.46
1766, 0.68
1767, 0.83
1768, 0.30
1769, 0.53
1770, 0.32
1771, 0.23
1772, 0.26
1773, 0.72
1774, 0.66
1775, 0.68
1776, 0.46
1777, 0.39
1778, 0.79
1779, 0.23
1780, 0.84
1781, 0.76
1782, 0.37
1783, 0.55
1784, 0.19
1785, 0.60
1786, 0.79
1787, 0.80
1788, 0.39
1789, 0.57
1790, 0.34
1791, 0.22
1792, 0.32
1793, 0.63
1794, 0.47
1795, 0.19
1796, 0.29
1797, 0.61
1798, 0.59
1799, 0.32
1800, 0.64
1801, 0.65
1802, 0.77
1803, 0.82
1804, 0.28
1805, 0.33
1806, 0.86
1807, 0.60
1808, 0.24
1809, 0.50
1810, 0.67
1811, 0.51
1812, 0.69
1813, 0.77
1814, 0.61
1815, 0.71
1816, 0.22
1817, 0.80
1818, 0.78
1819, 0.82
1820, 0.68
1821, 0.67
1822, 0.36
1823, 0.21
1824, 0.58
1825, 0.28
1826, 0.51
1827, 0.24
1828, 0.20
1829, 0.56
1830, 0.63
1831, 0.48
1832, 0.19
1833, 0.85
1834, 0.31
1835, 0.19
1836, 0.76
1837, 0.42
1838, 0.27
1839, 0.43
1840, 0.54
1841, 0.43
1842, 0.38
1843, 0.60
1844, 0.30
1845, 0.65
1846, 0.34
1847, 0.21
1848, 0.58
1849, 0.26
1850, 0.71
1851, 0.30
1852, 0.35
1853, 0.75
1854, 0.78
1855, 0.48
1856, 0.35
1857, 0.22
1858, 0.19
1859, 0.38
1860, 0.21
1861, 0.51
1862, 0.72
1863, 0.19
1864, 0.32
1865, 0.61
1866, 0.50
1867, 0.30
1868, 0.25
1869, 0.75
1870, 0.59
1871, 0.55
1872, 0.19
1873, 0.61
1874, 0.45
1875, 0.77
1876, 0.85
1877, 0.34
1878, 0.41
1879, 0.69
1880, 0.81
1881, 0.30
1882, 0.81
1883, 0.22
1884, 0.84
1885, 0.23
1886, 0.35
1887, 0.19
1888, 0.69
1889, 0.76
1890, 0.69
1891, 0.66
1892, 0.81
1893, 0.43
1894, 0.24
1895, 0.70
1896, 0.79
1897, 0.40
1898, 0.35
1899, 0.40
1900, 0.34
1901, 0.37
1902, 0.61
1903, 0.38
1904, 0.19
1905, 0.72
1906, 0.56
1907, 0.86
1908, 0.45
1909, 0.44
1910, 0.68
1911, 0.27
1912, 0.84
1913, 0.72
1914, 0.18
1915, 0.24
1916, 0.44
1917, 0.61
1918, 0.20
1919, 0.84
1920, 0.22
1921, 0.84
1922, 0.80
1923, 0.34
1924, 0.58
1925, 0.20
1926, 0.47
1927, 0.32
1928, 0.23
1929, 0.35
1930, 0.19
1931, 0.25
1932, 0.28
1933, 0.82
1934, 0.76
1935, 0.71
1936, 0.54
1937, 0.63
1938, 0.81
1939, 0.30
1940, 0.76
1941, 0.42
1942, 0.72
1943, 0.81
1944, 0.83
1945, 0.29
1946, 0.70
1947, 0.18
1948, 0.40
1949, 0.55
1950, 0.84
1951, 0.20
1952, 0.80
1953, 0.21
1954, 0.71
1955, 0.31
1956, 0.81
1957, 0.21
1958, 0.53
1959, 0.56
1960, 0.25
1961, 0.85
1962, 0.63
1963, 0.73
1964, 0.53
1965, 0.56
1966, 0.20
1967, 0.24
1968, 0.23
1969, 0.18
1970, 0.85
1971, 0.70
1972, 0.69
1973, 0.31
1974, 0.57
1975, 0.61
1976, 0.38
1977, 0.20
1978, 0.22
1979, 0.65
1980, 0.38
1981, 0.74
1982, 0.23
1983, 0.67
1984, 0.71
1985, 0.67
1986, 0.80
1987, 0.29
1988, 0.37
1989, 0.55
1990, 0.60
1991, 0.75
1992, 0.79
1993, 0.60
1994, 0.59
1995, 0.60
1996, 0.25
1997, 0.33
1998, 0.72
1999, 0.53
2000, 0.29
2001, 0.18
2002, 0.43
2003, 0.36
2004, 0.65
2005, 0.85
2006, 0.72
2007, 0.80
2008, 0.24
2009, 0.43
2010, 0.84
2011, 0.41
2012, 0.86
2013, 0.23
2014, 0.67
2015, 0.28
2016, 0.66
2017, 0.33
2018, 0.81
2019, 0.81
2020, 0.19
2021, 0.65
2022, 0.62
2023, 0.25
2024, 0.67
2025, 0.41
2026, 0.28
2027, 0.82
2028, 0.63
2029, 0.83
2030, 0.22
2031, 0.80
2032, 0.27
2033, 0.29
2034, 0.44
2035, 0.34
2036, 0.56
2037, 0.30
2038, 0.56
2039, 0.61
2040, 0.22
2041, 0.32
2042, 0.83
2043, 0.40
2044, 0.39
2045, 0.36
2046, 0.50
2047, 0.80
2048, 0.73
2049, 0.62
2050, 0.27
2051, 0.19
2052, 0.33
2053, 0.41
2054, 0.34
2055, 0.55
2056, 0.57
2057, 0.28
2058, 0.20
2059, 0.37
2060, 0.19
2061, 0.40
2062, 0.27
2063, 0.25
2064, 0.24
2065, 0.77
2066, 0.19
2067, 0.74
2068, 0.22
2069, 0.22
2070, 0.82
2071, 0.42
2072, 0.19
2073, 0.34
2074, 0.77
2075, 0.33
2076, 0.41
2077, 0.23
2078, 0.61
2079, 0.49
2080, 0.48
2081, 0.81
2082, 0.45
2083, 0.25
2084, 0.69
2085, 0.21
2086, 0.38
2087, 0.84
2088, 0.82
2089, 0.72
2090, 0.60
2091, 0.81
2092, 0.79
2093, 0.42
2094, 0.21
2095, 0.19
2096, 0.28
2097, 0.32
2098, 0.63
2099, 0.37
2100, 0.22
2101, 0.40
2102, 0.49
2103, 0.66
2104, 0.18
2105, 0.28
2106, 0.72
2107, 0.84
2108, 0.69
2109, 0.69
2110, 0.82
2111, 0.81
2112, 0.32
2113, 0.67
2114, 0.18
2115, 0.85
2116, 0.33
2117, 0.78
2118, 0.26
2119, 0.51
2120, 0.21
2121, 0.34
2122, 0.24
2123, 0.61
2124, 0.70
2125, 0.78
2126, 0.67
2127, 0.74
2128, 0.74
2129, 0.30
2130, 0.76
2131, 0.31
2132, 0.53
2133, 0.82
2134, 0.82
2135, 0.79
2136, 0.46
2137, 0.83
2138, 0.53
2139, 0.33
2140, 0.21
2141, 0.85
2142, 0.50
2143, 0.18
2144, 0.37
2145, 0.49
2146, 0.77
2147, 0.37
2148, 0.74
2149, 0.54
2150, 0.23
2151, 0.71
2152, 0.54
2153, 0.54
2154, 0.84
2155, 0.83
2156, 0.38
2157, 0.49
2158, 0.53
2159, 0.42
2160, 0.61
2161, 0.78
2162, 0.27
2163, 0.21
2164, 0.23
2165, 0.54
2166, 0.78
2167, 0.76
2168, 0.85
2169, 0.63
2170, 0.22
2171, 0.60
2172, 0.30
2173, 0.75
2174, 0.85
2175, 0.54
2176, 0.50
2177, 0.53
2178, 0.48
2179, 0.57
2180, 0.82
2181, 0.43
2182, 0.72
2183, 0.66
2184, 0.20
2185, 0.60
2186, 0.56
2187, 0.26
2188, 0.70
2189, 0.61
2190, 0.21
2191, 0.21
2192, 0.45
2193, 0.79
2194, 0.42
2195, 0.40
2196, 0.85
2197, 0.18
2198, 0.40
2199, 0.54
2200, 0.29
2201, 0.60
2202, 0.39
2203, 0.63
2204, 0.79
2205, 0.26
2206, 0.23
2207, 0.34
2208, 0.65
2209, 0.22
2210, 0.86
2211, 0.29
2212, 0.67
2213, 0.20
2214, 0.23
2215, 0.31
2216, 0.26
2217, 0.84
2218, 0.56
2219, 0.66
2220, 0.79
2221, 0.54
2222, 0.63
2223, 0.30
2224, 0.19
2225, 0.47
2226, 0.55
2227, 0.39
2228, 0.19
2229, 0.20
2230, 0.57
2231, 0.39
2232, 0.67
2233, 0.54
2234, 0.73
2235, 0.77
2236, 0.24
2237, 0.43
2238, 0.21
2239, 0.38
2240, 0.42
2241, 0.44
2242, 0.75
2243, 0.86
2244, 0.44
2245, 0.20
2246, 0.55
2247, 0.47
2248, 0.21
2249, 0.84
2250, 0.72
2251, 0.25
2252, 0.40
2253, 0.55
2254, 0.18
2255, 0.85
2256, 0.66
2257, 0.37
2258, 0.23
2259, 0.21
2260, 0.38
2261, 0.80
2262, 0.28
2263, 0.33
2264, 0.25
2265, 0.68
2266, 0.64
2267, 0.23
2268, 0.85
2269, 0.74
2270, 0.33
2271, 0.29
2272, 0.85
2273, 0.54
2274, 0.28
2275, 0.57
2276, 0.35
2277, 0.24
2278, 0.79
2279, 0.21
2280, 0.78
2281, 0.83
2282, 0.80
2283, 0.57
2284, 0.49
2285, 0.33
2286, 0.37
2287, 0.30
2288, 0.60
2289, 0.80
2290, 0.82
2291, 0.30
2292, 0.86
2293, 0.85
2294, 0.77
2295, 0.25
2296, 0.80
2297, 0.66
2298, 0.67
2299, 0.29
2300, 0.78
2301, 0.41
2302, 0.22
2303, 0.35
2304, 0.60
2305, 0.23
2306, 0.23
2307, 0.42
2308, 0.54
2309, 0.78
2310, 0.34
2311, 0.57
2312, 0.70
2313, 0.51
2314, 0.62
2315, 0.60
2316, 0.19
2317, 0.68
2318, 0.74
2319, 0.64
2320, 0.72
2321, 0.32
2322, 0.20
2323, 0.44
2324, 0.24
2325, 0.35
2326, 0.22
2327, 0.22
2328, 0.20
2329, 0.18
2330, 0.73
2331, 0.58
2332, 0.44
2333, 0.29
2334, 0.22
2335, 0.30
2336, 0.86
2337, 0.35
2338, 0.66
2339, 0.58
2340, 0.28
2341, 0.59
2342, 0.21
2343, 0.82
2344, 0.29
2345, 0.70
2346, 0.49
2347, 0.41
2348, 0.84
2349, 0.73
2350, 0.23
2351, 0.37
2352, 0.43
2353, 0.46
2354, 0.69
2355, 0.77
2356, 0.40
2357, 0.42
2358, 0.32
2359, 0.20
2360, 0.72
2361, 0.85
2362, 0.60
2363, 0.82
2364, 0.66
2365, 0.84
2366, 0.20
2367, 0.18
2368, 0.71
2369, 0.37
2370, 0.59
2371, 0.60
2372, 0.78
2373, 0.71
2374, 0.54
2375, 0.84
2376, 0.70
2377, 0.41
2378, 0.53
2379, 0.78
2380, 0.35
2381, 0.21
2382, 0.39
2383, 0.71
2384, 0.36
2385, 0.77
2386, 0.50
2387, 0.78
2388, 0.24
2389, 0.21
2390, 0.43
2391, 0.30
2392, 0.67
2393, 0.32
2394, 0.21
2395, 0.25
2396, 0.41
2397, 0.20
2398, 0.83
2399, 0.19
2400, 0.29
2401, 0.45
2402, 0.69
2403, 0.35
2404, 0.20
2405, 0.75
2406, 0.64
2407, 0.40
2408, 0.85
2409, 0.27
2410, 0.35
2411, 0.42
2412, 0.51
2413, 0.41
2414, 0.46
2415, 0.37
2416, 0.29
2417, 0.55
2418, 0.73
2419, 0.85
2420, 0.34
2421, 0.86
2422, 0.50
2423, 0.38
2424, 0.31
2425, 0.29
2426, 0.20
2427, 0.82
2428, 0.32
2429, 0.41
2430, 0.25
2431, 0.65
2432, 0.85
2433, 0.82
2434, 0.58
2435, 0.34
2436, 0.79
2437, 0.41
2438, 0.29
2439, 0.30
2440, 0.21
2441, 0.21
2442, 0.81
2443, 0.75
2444, 0.48
2445, 0.20
2446, 0.82
2447, 0.36
2448, 0.38
2449, 0.71
2450, 0.56
2451, 0.33
2452, 0.21
2453, 0.28
2454, 0.27
2455, 0.66
2456, 0.82
2457, 0.67
2458, 0.37
2459, 0.32
2460, 0.28
2461, 0.85
2462, 0.45
2463, 0.83
2464, 0.75
2465, 0.32
2466, 0.22
2467, 0.76
2468, 0.31
2469, 0.69
2470, 0.61
2471, 0.43
2472, 0.85
2473, 0.75
2474, 0.35
2475, 0.72
2476, 0.77
2477, 0.49
2478, 0.33
2479, 0.68
2480, 0.64
2481, 0.52
2482, 0.80
2483, 0.71
2484, 0.52
2485, 0.23
2486, 0.77
2487, 0.68
2488, 0.41
2489, 0.45
2490, 0.46
2491, 0.19
2492, 0.50
2493, 0.45
2494, 0.40
2495, 0.18
2496, 0.54
2497, 0.33
2498, 0.84
2499, 0.25
2500, 0.80
2501, 0.32
2502, 0.22
2503, 0.24
2504, 0.75
2505, 0.68
2506, 0.68
2507, 0.66
2508, 0.35
2509, 0.46
2510, 0.50
2511, 0.42
2512, 0.34
2513, 0.86
2514, 0.85
2515, 0.62
2516, 0.86
2517, 0.67
2518, 0.45
2519, 0.21
2520, 0.62
2521, 0.22
2522, 0.55
2523, 0.74
2524, 0.22
2525, 0.79
2526, 0.22
2527, 0.68
2528, 0.48
2529, 0.33
2530, 0.81
2531, 0.38
2532, 0.54
2533, 0.28
2534, 0.58
2535, 0.18
2536, 0.46
2537, 0.34
2538, 0.51
2539, 0.79
2540, 0.50
2541, 0.71
2542, 0.18
2543, 0.63
2544, 0.73
2545, 0.45
2546, 0.29
2547, 0.46
2548, 0.57
2549, 0.31
2550, 0.64
2551, 0.35
2552, 0.47
2553, 0.84
2554, 0.78
2555, 0.63
2556, 0.19
2557, 0.63
2558, 0.60
2559, 0.63
2560, 0.32
2561, 0.22
2562, 0.84
2563, 0.84
2564, 0.19
2565, 0.62
2566, 0.28
2567, 0.39
2568, 0.25
2569, 0.46
2570, 0.61
2571, 0.25
2572, 0.61
2573, 0.81
2574, 0.52
2575, 0.46
2576, 0.78
2577, 0.45
2578, 0.67
2579, 0.42
2580, 0.55
2581, 0.63
2582, 0.25
2583, 0.69
2584, 0.32
2585, 0.20
2586, 0.42
2587, 0.50
2588, 0.20
2589, 0.27
2590, 0.33
2591, 0.45
2592, 0.81
2593, 0.56
2594, 0.52
2595, 0.82
2596, 0.22
2597, 0.29
2598, 0.54
2599, 0.49
2600, 0.53
2601, 0.32
2602, 0.47
2603, 0.34
2604, 0.24
2605, 0.29
2606, 0.75
2607, 0.37
2608, 0.50
2609, 0.73
2610, 0.25
2611, 0.20
2612, 0.24
2613, 0.75
2614, 0.40
2615, 0.75
2616, 0.32
2617, 0.72
2618, 0.53
2619, 0.21
2620, 0.43
2621, 0.33
2622, 0.84
2623, 0.25
2624, 0.22
2625, 0.55
2626, 0.72
2627, 0.84
2628, 0.64
2629, 0.46
2630, 0.81
2631, 0.35
2632, 0.77
2633, 0.85
2634, 0.80
2635, 0.26
2636, 0.26
2637, 0.86
2638, 0.22
2639, 0.26
2640, 0.81
2641, 0.86
2642, 0.76
2643, 0.55
2644, 0.27
2645, 0.69
2646, 0.25
2647, 0.28
2648, 0.67
2649, 0.61
2650, 0.63
2651, 0.27
2652, 0.41
2653, 0.19
2654, 0.81
2655, 0.44
2656, 0.68
2657, 0.81
2658, 0.78
2659, 0.78
2660, 0.27
2661, 0.23
2662, 0.72
2663, 0.61
2664, 0.77
2665, 0.75
2666, 0.68
2667, 0.27
2668, 0.65
2669, 0.18
2670, 0.39
2671, 0.83
2672, 0.25
2673, 0.27
2674, 0.30
2675, 0.19
2676, 0.53
2677, 0.36
2678, 0.71
2679, 0.72
2680, 0.41
2681, 0.37
2682, 0.82
2683, 0.63
2684, 0.36
2685, 0.25
2686, 0.82
2687, 0.80
2688, 0.35
2689, 0.61
2690, 0.26
2691, 0.82
2692, 0.37
2693, 0.51
2694, 0.27
2695, 0.37
2696, 0.70
2697, 0.41
2698, 0.75
2699, 0.83
2700, 0.45
2701, 0.27
2702, 0.48
2703, 0.24
2704, 0.32
2705, 0.66
2706, 0.74
2707, 0.70
2708, 0.48
2709, 0.76
2710, 0.63
2711, 0.19
2712, 0.82
2713, 0.55
2714, 0.32
2715, 0.46
2716, 0.22
2717, 0.22
2718, 0.81
2719, 0.21
2720, 0.33
2721, 0.24
2722, 0.39
2723, 0.67
2724, 0.49
2725, 0.20
2726, 0.78
2727, 0.60
2728, 0.39
2729, 0.36
2730, 0.67
2731, 0.69
2732, 0.81
2733, 0.32
2734, 0.66
2735, 0.71
2736, 0.42
2737, 0.32
2738, 0.25
2739, 0.63
2740, 0.52
2741, 0.47
2742, 0.51
2743, 0.33
2744, 0.18
2745, 0.40
2746, 0.21
2747, 0.29
2748, 0.79
2749, 0.53
2750, 0.48
2751, 0.47
2752, 0.30
2753, 0.72
2754, 0.54
2755, 0.78
2756, 0.23
2757, 0.53
2758, 0.83
2759, 0.65
2760, 0.37
2761, 0.86
2762, 0.42
2763, 0.25
2764, 0.55
2765, 0.42
2766, 0.35
2767, 0.78
2768, 0.80
2769, 0.29
2770, 0.52
2771, 0.75
2772, 0.41
2773, 0.48
2774, 0.22
2775, 0.44
2776, 0.68
2777, 0.86
2778, 0.83
2779, 0.55
2780, 0.67
2781, 0.48
2782, 0.22
2783, 0.61
2784, 0.81
2785, 0.29
2786, 0.84
2787, 0.70
2788, 0.85
2789, 0.36
2790, 0.51
2791, 0.35
2792, 0.84
2793, 0.49
2794, 0.66
2795, 0.69
2796, 0.71
2797, 0.86
2798, 0.64
2799, 0.50
2800, 0.83
2801, 0.26
2802, 0.34
2803, 0.61
2804, 0.18
2805, 0.46
2806, 0.19
2807, 0.19
2808, 0.57
2809, 0.53
2810, 0.22
2811, 0.18
2812, 0.19
2813, 0.35
2814, 0.37
2815, 0.23
2816, 0.39
2817, 0.43
2818, 0.31
2819, 0.39
2820, 0.83
2821, 0.66
2822, 0.32
2823, 0.19
2824, 0.52
2825, 0.21
2826, 0.84
2827, 0.22
2828, 0.58
2829, 0.75
2830, 0.18
2831, 0.81
2832, 0.50
2833, 0.36
2834, 0.86
2835, 0.74
2836, 0.21
2837, 0.74
2838, 0.58
2839, 0.51
2840, 0.67
2841, 0.22
2842, 0.39
2843, 0.40
2844, 0.54
2845, 0.52
2846, 0.30
2847, 0.28
2848, 0.83
2849, 0.74
2850, 0.30
2851, 0.53
2852, 0.44
2853, 0.54
2854, 0.24
2855, 0.29
2856, 0.25
2857, 0.83
2858, 0.62
2859, 0.19
2860, 0.39
2861, 0.30
2862, 0.21
2863, 0.44
2864, 0.78
2865, 0.82
2866, 0.85
2867, 0.23
2868, 0.55
2869, 0.41
2870, 0.24
2871, 0.22
2872, 0.42
2873, 0.31
2874, 0.80
2875, 0.72
2876, 0.31
2877, 0.36
2878, 0.68
2879, 0.25
2880, 0.83
2881, 0.56
2882, 0.76
2883, 0.82
2884, 0.85
2885, 0.22
2886, 0.28
2887, 0.74
2888, 0.33
2889, 0.27
2890, 0.56
2891, 0.65
2892, 0.33
2893, 0.52
2894, 0.45
2895, 0.73
2896, 0.82
2897, 0.18
2898, 0.85
2899, 0.41
2900, 0.55
2901, 0.33
2902, 0.82
2903, 0.84
2904, 0.69
2905, 0.43
2906, 0.28
2907, 0.56
2908, 0.24
2909, 0.45
2910, 0.84
2911, 0.56
2912, 0.19
2913, 0.25
2914, 0.45
2915, 0.84
2916, 0.25
2917, 0.19
2918, 0.61
2919, 0.51
2920, 0.63
2921, 0.86
2922, 0.42
2923, 0.20
2924, 0.31
2925, 0.34
2926, 0.28
2927, 0.80
2928, 0.54
2929, 0.26
2930, 0.50
2931, 0.53
2932, 0.43
2933, 0.54
2934, 0.28
2935, 0.22
2936, 0.72
2937, 0.71
2938, 0.77
2939, 0.24
2940, 0.29
2941, 0.44
2942, 0.40
2943, 0.82
2944, 0.32
2945, 0.23
2946, 0.80
2947, 0.24
2948, 0.86
2949, 0.57
2950, 0.21
2951, 0.41
2952, 0.73
2953, 0.66
2954, 0.85
2955, 0.24
2956, 0.55
2957, 0.79
2958, 0.43
2959, 0.22
2960, 0.58
2961, 0.66
2962, 0.38
2963, 0.82
2964, 0.50
2965, 0.31
2966, 0.77
2967, 0.38
2968, 0.75
2969, 0.58
2970, 0.19
2971, 0.69
2972, 0.44
2973, 0.83
2974, 0.58
2975, 0.28
2976, 0.70
2977, 0.34
2978, 0.36
2979, 0.80
2980, 0.70
2981, 0.65
2982, 0.48
2983, 0.25
2984, 0.32
2985, 0.54
2986, 0.83
2987, 0.18
2988, 0.47
2989, 0.21
2990, 0.69
2991, 0.66
2992, 0.38
2993, 0.42
2994, 0.21
2995, 0.77
2996, 0.19
2997, 0.23
2998, 0.30
2999, 0.49
3000, 0.41
3001, 0.37
3002, 0.57
3003, 0.85
3004, 0.47
3005, 0.35
3006, 0.27
3007, 0.63
3008, 0.33
3009, 0.24
3010, 0.36
3011, 0.33
3012, 0.47
3013, 0.38
3014, 0.75
3015, 0.59
3016, 0.67
3017, 0.25
3018, 0.81
3019, 0.50
3020, 0.65
3021, 0.45
3022, 0.48
3023, 0.51
3024, 0.41
3025, 0.38
3026, 0.60
3027, 0.23
3028, 0.57
3029, 0.19
3030, 0.63
3031, 0.67
3032, 0.22
3033, 0.78
3034, 0.37
3035, 0.62
3036, 0.79
3037, 0.44
3038, 0.49
3039, 0.41
3040, 0.51
3041, 0.20
3042, 0.22
3043, 0.45
3044, 0.75
3045, 0.70
3046, 0.44
3047, 0.22
3048, 0.19
3049, 0.26
3050, 0.27
3051, 0.46
3052, 0.85
3053, 0.20
3054, 0.36
3055, 0.61
3056, 0.21
3057, 0.32
3058, 0.83
3059, 0.40
3060, 0.54
3061, 0.81
3062, 0.24
3063, 0.24
3064, 0.21
3065, 0.32
3066, 0.53
3067, 0.38
3068, 0.59
3069, 0.61
3070, 0.78
3071, 0.28
3072, 0.82
3073, 0.31
3074, 0.37
3075, 0.18
3076, 0.62
3077, 0.77
3078, 0.69
3079, 0.44
3080, 0.60
3081, 0.85
3082, 0.84
3083, 0.22
3084, 0.34
3085, 0.38
3086, 0.36
3087, 0.75
3088, 0.77
3089, 0.81
3090, 0.64
3091, 0.75
3092, 0.42
3093, 0.58
3094, 0.82
3095, 0.48
3096, 0.62
3097, 0.26
3098, 0.75
3099, 0.64
3100, 0.83
3101, 0.19
3102, 0.53
3103, 0.40
3104, 0.19
3105, 0.25
3106, 0.22
3107, 0.38
3108, 0.45
3109, 0.20
3110, 0.86
3111, 0.45
3112, 0.56
3113, 0.81
3114, 0.27
3115, 0.62
3116, 0.44
3117, 0.57
3118, 0.26
3119, 0.19
3120, 0.56
3121, 0.75
3122, 0.19
3123, 0.73
3124, 0.71
3125, 0.62
3126, 0.40
3127, 0.35
3128, 0.43
3129, 0.72
3130, 0.77
3131, 0.25
3132, 0.72
3133, 0.86
3134, 0.39
3135, 0.53
3136, 0.68
3137, 0.53
3138, 0.36
3139, 0.19
3140, 0.37
3141, 0.76
3142, 0.86
3143, 0.31
3144, 0.77
3145, 0.18
3146, 0.79
3147, 0.35
3148, 0.59
3149, 0.50
3150, 0.68
3151, 0.56
3152, 0.41
3153, 0.36
3154, 0.82
3155, 0.20
3156, 0.56
3157, 0.77
3158, 0.64
3159, 0.83
3160, 0.81
3161, 0.23
3162, 0.81
3163, 0.19
3164, 0.85
3165, 0.44
3166, 0.70
3167, 0.18
3168, 0.81
3169, 0.80
3170, 0.61
3171, 0.27
3172, 0.65
3173, 0.61
3174, 0.38
3175, 0.81
3176, 0.84
3177, 0.22
3178, 0.70
3179, 0.19
3180, 0.23
3181, 0.28
3182, 0.78
3183, 0.82
3184, 0.31
3185, 0.37
3186, 0.21
3187, 0.62
3188, 0.53
3189, 0.27
3190, 0.62
3191, 0.84
3192, 0.58
3193, 0.24
3194, 0.83
3195, 0.36
3196, 0.23
3197, 0.53
3198, 0.36
3199, 0.39
3200, 0.46
3201, 0.68
3202, 0.22
3203, 0.73
3204, 0.80
3205, 0.32
3206, 0.60
3207, 0.75
3208, 0.28
3209, 0.37
3210, 0.21
3211, 0.80
3212, 0.84
3213, 0.24
3214, 0.30
3215, 0.72
3216, 0.19
3217, 0.41
3218, 0.81
3219, 0.29
3220, 0.35
3221, 0.33
3222, 0.86
3223, 0.69
3224, 0.31
3225, 0.72
3226, 0.84
3227, 0.35
3228, 0.38
3229, 0.25
3230, 0.42
3231, 0.51
3232, 0.29
3233, 0.42
3234, 0.73
3235, 0.52
3236, 0.73
3237, 0.28
3238, 0.44
3239, 0.37
3240, 0.48
3241, 0.21
3242, 0.18
3243, 0.21
3244, 0.67
3245, 0.44
3246, 0.70
3247, 0.81
3248, 0.54
3249, 0.83
3250, 0.19
3251, 0.37
3252, 0.86
3253, 0.59
3254, 0.83
3255, 0.36
3256, 0.57
3257, 0.77
3258, 0.85
3259, 0.21
3260, 0.19
3261, 0.35
3262, 0.62
3263, 0.66
3264, 0.20
3265, 0.69
3266, 0.84
3267, 0.19
3268, 0.59
3269, 0.49
3270, 0.60
3271, 0.19
3272, 0.36
3273, 0.82
3274, 0.85
3275, 0.54
3276, 0.75
3277, 0.55
3278, 0.19
3279, 0.71
3280, 0.71
3281, 0.27
3282, 0.58
3283, 0.35
3284, 0.74
3285, 0.58
3286, 0.56
3287, 0.83
3288, 0.48
3289, 0.76
3290, 0.21
3291, 0.65
3292, 0.77
3293, 0.70
3294, 0.34
3295, 0.25
3296, 0.51
3297, 0.43
3298, 0.37
3299, 0.65
3300, 0.39
3301, 0.49
3302, 0.26
3303, 0.61
3304, 0.62
3305, 0.20
3306, 0.35
3307, 0.61
3308, 0.24
3309, 0.37
3310, 0.85
3311, 0.45
3312, 0.35
3313, 0.82
3314, 0.48
3315, 0.45
3316, 0.57
3317, 0.72
3318, 0.45
3319, 0.19
3320, 0.74
3321, 0.75
3322, 0.80
3323, 0.60
3324, 0.32
3325, 0.23
3326, 0.39
3327, 0.28
3328, 0.48
3329, 0.22
3330, 0.46
3331, 0.76
3332, 0.70
3333, 0.21
3334, 0.76
3335, 0.77
3336, 0.31
3337, 0.26
3338, 0.20
3339, 0.82
3340, 0.46
3341, 0.21
3342, 0.69
3343, 0.19
3344, 0.43
3345, 0.84
3346, 0.80
3347, 0.75
3348, 0.22
3349, 0.58
3350, 0.30
3351, 0.78
3352, 0.22
3353, 0.40
3354, 0.19
3355, 0.19
3356, 0.78
3357, 0.68
3358, 0.18
3359, 0.73
3360, 0.28
3361, 0.78
3362, 0.75
3363, 0.35
3364, 0.19
3365, 0.75
3366, 0.57
3367, 0.75
3368, 0.18
3369, 0.84
3370, 0.74
3371, 0.31
3372, 0.64
3373, 0.40
3374, 0.30
3375, 0.67
3376, 0.33
3377, 0.54
3378, 0.55
3379, 0.25
3380, 0.22
3381, 0.63
3382, 0.33
3383, 0.31
3384, 0.22
3385, 0.32
3386, 0.40
3387, 0.66
3388, 0.37
3389, 0.23
3390, 0.66
3391, 0.43
3392, 0.61
3393, 0.36
3394, 0.48
3395, 0.62
3396, 0.86
3397, 0.27
3398, 0.19
3399, 0.47
3400, 0.73
3401, 0.34
3402, 0.33
3403, 0.48
3404, 0.64
3405, 0.31
3406, 0.67
3407, 0.26
3408, 0.23
3409, 0.19
3410, 0.33
3411, 0.72
3412, 0.59
3413, 0.33
3414, 0.85
3415, 0.28
3416, 0.20
3417, 0.72
3418, 0.39
3419, 0.65
3420, 0.24
3421, 0.18
3422, 0.80
3423, 0.77
3424, 0.58
3425, 0.85
3426, 0.72
3427, 0.21
3428, 0.49
3429, 0.57
3430, 0.64
3431, 0.82
3432, 0.21
3433, 0.64
3434, 0.28
3435, 0.58
3436, 0.30
3437, 0.86
3438, 0.20
3439, 0.82
3440, 0.37
3441, 0.31
3442, 0.19
3443, 0.21
3444, 0.26
3445, 0.51
3446, 0.29
3447, 0.38
3448, 0.86
3449, 0.24
3450, 0.19
3451, 0.63
3452, 0.30
3453, 0.51
3454, 0.86
3455, 0.85
3456, 0.22
3457, 0.84
3458, 0.73
3459, 0.64
3460, 0.76
3461, 0.25
3462, 0.64
3463, 0.81
3464, 0.76
3465, 0.35
3466, 0.46
3467, 0.49
3468, 0.29
3469, 0.56
3470, 0.19
3471, 0.54
3472, 0.36
3473, 0.73
3474, 0.78
3475, 0.31
3476, 0.83
3477, 0.18
3478, 0.69
3479, 0.82
3480, 0.30
3481, 0.26
3482, 0.65
3483, 0.70
3484, 0.72
3485, 0.82
3486, 0.78
3487, 0.78
3488, 0.33
3489, 0.54
3490, 0.73
3491, 0.27
3492, 0.83
3493, 0.50
3494, 0.26
3495, 0.26
3496, 0.74
3497, 0.29
3498, 0.72
3499, 0.29
3500, 0.19
3501, 0.49
3502, 0.75
3503, 0.33
3504, 0.22
3505, 0.75
3506, 0.80
3507, 0.54
3508, 0.42
3509, 0.64
3510, 0.25
3511, 0.30
3512, 0.28
3513, 0.62
3514, 0.82
3515, 0.21
3516, 0.74
3517, 0.71
3518, 0.28
3519, 0.28
3520, 0.62
3521, 0.72
3522, 0.27
3523, 0.45
3524, 0.82
3525, 0.85
3526, 0.65
3527, 0.26
3528, 0.77
3529, 0.34
3530, 0.38
3531, 0.31
3532, 0.81
3533, 0.77
3534, 0.19
3535, 0.67
3536, 0.24
3537, 0.47
3538, 0.42
3539, 0.32
3540, 0.30
3541, 0.59
3542, 0.27
3543, 0.33
3544, 0.30
3545, 0.39
3546, 0.56
3547, 0.72
3548, 0.64
3549, 0.22
3550, 0.40
3551, 0.45
3552, 0.54
3553, 0.57
3554, 0.85
3555, 0.22
3556, 0.79
3557, 0.22
3558, 0.66
3559, 0.70
3560, 0.82
3561, 0.79
3562, 0.28
3563, 0.18
3564, 0.71
3565, 0.78
3566, 0.68
3567, 0.37
3568, 0.18
3569, 0.82
3570, 0.49
3571, 0.31
3572, 0.20
3573, 0.77
3574, 0.57
3575, 0.49
3576, 0.50
3577, 0.21
3578, 0.24
3579, 0.75
3580, 0.30
3581, 0.46
3582, 0.23
3583, 0.24
3584, 0.64
3585, 0.47
3586, 0.84
3587, 0.26
3588, 0.25
3589, 0.74
3590, 0.24
3591, 0.51
3592, 0.41
3593, 0.22
3594, 0.63
3595, 0.79
3596, 0.60
3597, 0.31
3598, 0.26
3599, 0.73
3600, 0.85
3601, 0.51
3602, 0.24
3603, 0.86
3604, 0.44
3605, 0.32
3606, 0.61
3607, 0.24
3608, 0.50
3609, 0.80
3610, 0.40
3611, 0.64
3612, 0.60
3613, 0.39
3614, 0.41
3615, 0.82
3616, 0.78
3617, 0.51
3618, 0.63
3619, 0.21
3620, 0.85
3621, 0.25
3622, 0.28
3623, 0.63
3624, 0.56
3625, 0.63
3626, 0.58
3627, 0.30
3628, 0.58
3629, 0.26
3630, 0.49
3631, 0.83
3632, 0.48
3633, 0.83
3634, 0.37
3635, 0.44
3636, 0.83
3637, 0.44
3638, 0.86
3639, 0.61
3640, 0.51
3641, 0.35
3642, 0.71
3643, 0.59
3644, 0.51
3645, 0.24
3646, 0.76
3647, 0.29
3648, 0.72
3649, 0.53
3650, 0.53
3651, 0.40
3652, 0.27
3653, 0.86
3654, 0.84
3655, 0.80
3656, 0.29
3657, 0.79
3658, 0.35
3659, 0.39
3660, 0.83
3661, 0.36
3662, 0.41
3663, 0.45
3664, 0.49
3665, 0.53
3666, 0.26
3667, 0.85
3668, 0.53
3669, 0.40
3670, 0.20
3671, 0.61
3672, 0.32
3673, 0.32
3674, 0.65
3675, 0.77
3676, 0.22
3677, 0.68
3678, 0.33
3679, 0.65
3680, 0.31
3681, 0.76
3682, 0.22
3683, 0.48
3684, 0.52
3685, 0.30
3686, 0.45
3687, 0.22
3688, 0.32
3689, 0.52
3690, 0.53
3691, 0.25
3692, 0.38
3693, 0.30
3694, 0.79
3695, 0.72
3696, 0.52
3697, 0.38
3698, 0.55
3699, 0.71
3700, 0.82
3701, 0.30
3702, 0.67
3703, 0.34
3704, 0.30
3705, 0.81
3706, 0.57
3707, 0.70
3708, 0.46
3709, 0.21
3710, 0.19
3711, 0.76
3712, 0.26
3713, 0.80
3714, 0.23
3715, 0.37
3716, 0.63
3717, 0.84
3718, 0.21
3719, 0.63
3720, 0.77
3721, 0.82
3722, 0.46
3723, 0.51
3724, 0.51
3725, 0.72
3726, 0.29
3727, 0.81
3728, 0.66
3729, 0.30
3730, 0.75
3731, 0.42
3732, 0.64
3733, 0.46
3734, 0.33
3735, 0.55
3736, 0.54
3737, 0.69
3738, 0.31
3739, 0.64
3740, 0.38
3741, 0.21
3742, 0.45
3743, 0.47
3744, 0.43
3745, 0.66
3746, 0.38
3747, 0.86
3748, 0.26
3749, 0.72
3750, 0.48
3751, 0.51
3752, 0.75
3753, 0.72
3754, 0.85
3755, 0.33
3756, 0.20
3757, 0.43
3758, 0.65
3759, 0.28
3760, 0.22
3761, 0.20
3762, 0.50
3763, 0.38
3764, 0.63
3765, 0.71
3766, 0.27
3767, 0.68
3768, 0.26
3769, 0.85
3770, 0.45
3771, 0.26
3772, 0.37
3773, 0.43
3774, 0.82
3775, 0.63
3776, 0.39
3777, 0.78
3778, 0.25
3779, 0.81
3780, 0.61
3781, 0.81
3782, 0.81
3783, 0.52
3784, 0.53
3785, 0.81
3786, 0.53
3787, 0.82
3788, 0.31
3789, 0.50
3790, 0.44
3791, 0.52
3792, 0.61
3793, 0.33
3794, 0.34
3795, 0.54
3796, 0.51
3797, 0.66
3798, 0.83
3799, 0.27
3800, 0.84
3801, 0.26
3802, 0.40
3803, 0.85
3804, 0.54
3805, 0.31
3806, 0.25
3807, 0.62
3808, 0.35
3809, 0.65
3810, 0.31
3811, 0.28
3812, 0.44
3813, 0.26
3814, 0.48
3815, 0.83
3816, 0.33
3817, 0.25
3818, 0.27
3819, 0.21
3820, 0.29
3821, 0.74
3822, 0.22
3823, 0.55
3824, 0.49
3825, 0.22
3826, 0.41
3827, 0.53
3828, 0.83
3829, 0.61
3830, 0.21
3831, 0.37
3832, 0.21
3833, 0.82
3834, 0.82
3835, 0.18
3836, 0.86
3837, 0.35
3838, 0.46
3839, 0.22
3840, 0.42
3841, 0.42
3842, 0.47
3843, 0.84
3844, 0.34
3845, 0.22
3846, 0.48
3847, 0.47
3848, 0.29
3849, 0.81
3850, 0.63
3851, 0.38
3852, 0.75
3853, 0.59
3854, 0.20
3855, 0.45
3856, 0.77
3857, 0.76
3858, 0.76
3859, 0.66
3860, 0.35
3861, 0.85
3862, 0.22
3863, 0.76
3864, 0.20
3865, 0.41
3866, 0.49
3867, 0.80
3868, 0.60
3869, 0.49
3870, 0.65
3871, 0.28
3872, 0.22
3873, 0.85
3874, 0.58
3875, 0.78
3876, 0.34
3877, 0.68
3878, 0.56
3879, 0.56
3880, 0.74
3881, 0.52
3882, 0.59
3883, 0.53
3884, 0.23
3885, 0.28
3886, 0.22
3887, 0.32
3888, 0.79
3889, 0.72
3890, 0.28
3891, 0.50
3892, 0.74
3893, 0.85
3894, 0.30
3895, 0.50
3896, 0.39
3897, 0.48
3898, 0.50
3899, 0.46
3900, 0.48
3901, 0.68
3902, 0.39
3903, 0.20
3904, 0.81
3905, 0.79
3906, 0.53
3907, 0.76
3908, 0.86
3909, 0.59
3910, 0.39
3911, 0.30
3912, 0.25
3913, 0.45
3914, 0.31
3915, 0.66
3916, 0.18
3917, 0.26
3918, 0.82
3919, 0.53
3920, 0.57
3921, 0.45
3922, 0.42
3923, 0.65
3924, 0.52
3925, 0.57
3926, 0.19
3927, 0.43
3928, 0.85
3929, 0.82
3930, 0.66
3931, 0.34
3932, 0.28
3933, 0.54
3934, 0.28
3935, 0.32
3936, 0.79
3937, 0.67
3938, 0.35
3939, 0.48
3940, 0.20
3941, 0.61
3942, 0.22
3943, 0.48
3944, 0.81
3945, 0.34
3946, 0.46
3947, 0.66
3948, 0.19
3949, 0.79
3950, 0.64
3951, 0.66
3952, 0.85
3953, 0.31
3954, 0.32
3955, 0.28
3956, 0.47
3957, 0.67
3958, 0.62
3959, 0.85
3960, 0.36
3961, 0.80
3962, 0.27
3963, 0.63
3964, 0.24
3965, 0.66
3966, 0.40
3967, 0.38
3968, 0.26
3969, 0.30
3970, 0.30
3971, 0.61
3972, 0.78
3973, 0.50
3974, 0.35
3975, 0.43
3976, 0.39
3977, 0.41
3978, 0.85
3979, 0.20
3980, 0.46
3981, 0.83
3982, 0.23
3983, 0.86
3984, 0.75
3985, 0.43
3986, 0.28
3987, 0.22
3988, 0.79
3989, 0.55
3990, 0.21
3991, 0.66
3992, 0.63
3993, 0.68
3994, 0.74
3995, 0.58
3996, 0.18
3997, 0.52
3998, 0.38
3999, 0.41
4000, 0.26
4001, 0.19
4002, 0.42
4003, 0.85
4004, 0.30
4005, 0.80
4006, 0.20
4007, 0.43
4008, 0.58
4009, 0.43
4010, 0.57
4011, 0.19
4012, 0.38
4013, 0.67
4014, 0.28
4015, 0.82
4016, 0.59
4017, 0.23
4018, 0.52
4019, 0.76
4020, 0.35
4021, 0.74
4022, 0.45
4023, 0.54
4024, 0.23
4025, 0.76
4026, 0.66
4027, 0.41
4028, 0.38
4029, 0.86
4030, 0.50
4031, 0.23
4032, 0.35
4033, 0.44
4034, 0.51
4035, 0.52
4036, 0.85
4037, 0.65
4038, 0.44
4039, 0.48
4040, 0.74
4041, 0.81
4042, 0.51
4043, 0.68
4044, 0.52
4045, 0.21
4046, 0.82
4047, 0.37
4048, 0.36
4049, 0.20
4050, 0.45
4051, 0.41
4052, 0.31
4053, 0.21
4054, 0.72
4055, 0.38
4056, 0.77
4057, 0.55
4058, 0.84
4059, 0.48
4060, 0.27
4061, 0.18
4062, 0.59
4063, 0.21
4064, 0.38
4065, 0.56
4066, 0.75
4067, 0.19
4068, 0.84
4069, 0.81
4070, 0.25
4071, 0.82
4072, 0.36
4073, 0.82
4074, 0.41
4075, 0.60
4076, 0.23
4077, 0.43
4078, 0.85
4079, 0.65
4080, 0.57
4081, 0.72
4082, 0.21
4083, 0.69
4084, 0.80
4085, 0.73
4086, 0.57
4087, 0.56
4088, 0.27
4089, 0.63
4090, 0.49
4091, 0.82
4092, 0.86
4093, 0.66
4094, 0.66
4095, 0.24
4096, 0.58
4097, 0.47
4098, 0.80
4099, 0.63
4100, 0.25
4101, 0.26
4102, 0.56
4103, 0.19
4104, 0.19
4105, 0.20
4106, 0.82
4107, 0.74
4108, 0.86
4109, 0.19
4110, 0.86
4111, 0.71
4112, 0.83
4113, 0.37
4114, 0.30
4115, 0.39
4116, 0.65
4117, 0.31
4118, 0.64
4119, 0.20
4120, 0.82
4121, 0.55
4122, 0.71
4123, 0.21
4124, 0.68
4125, 0.29
4126, 0.30
4127, 0.85
4128, 0.32
4129, 0.77
4130, 0.78
4131, 0.40
4132, 0.61
4133, 0.85
4134, 0.78
4135, 0.68
4136, 0.67
4137, 0.79
4138, 0.40
4139, 0.47
4140, 0.39
4141, 0.84
4142, 0.74
4143, 0.39
4144, 0.27
4145, 0.62
4146, 0.81
4147, 0.38
4148, 0.22
4149, 0.22
4150, 0.28
4151, 0.69
4152, 0.75
4153, 0.20
4154, 0.76
4155, 0.85
4156, 0.24
4157, 0.78
4158, 0.63
4159, 0.35
4160, 0.22
4161, 0.22
4162, 0.43
4163, 0.22
4164, 0.55
4165, 0.84
4166, 0.54
4167, 0.26
4168, 0.64
4169, 0.45
4170, 0.80
4171, 0.33
4172, 0.47
4173, 0.41
4174, 0.23
4175, 0.27
4176, 0.81
4177, 0.84
4178, 0.80
4179, 0.82
4180, 0.56
4181, 0.67
4182, 0.54
4183, 0.63
4184, 0.79
4185, 0.31
4186, 0.38
4187, 0.57
4188, 0.20
4189, 0.46
4190, 0.19
4191, 0.42
4192, 0.52
4193, 0.85
4194, 0.71
4195, 0.21
4196, 0.29
4197, 0.39
4198, 0.26
4199, 0.44
4200, 0.35
4201, 0.62
4202, 0.46
4203, 0.33
4204, 0.19
4205, 0.18
4206, 0.27
4207, 0.62
4208, 0.81
4209, 0.21
4210, 0.72
4211, 0.38
4212, 0.60
4213, 0.84
4214, 0.28
4215, 0.33
4216, 0.83
4217, 0.20
4218, 0.83
4219, 0.83
4220, 0.27
4221, 0.36
4222, 0.68
4223, 0.25
4224, 0.38
4225, 0.32
4226, 0.21
4227, 0.47
4228, 0.56
4229, 0.48
4230, 0.83
4231, 0.77
4232, 0.84
4233, 0.29
4234, 0.59
4235, 0.66
4236, 0.26
4237, 0.26
4238, 0.24
4239, 0.80
4240, 0.54
4241, 0.71
4242, 0.83
4243, 0.54
4244, 0.55
4245, 0.29
4246, 0.65
4247, 0.82
4248, 0.22
4249, 0.81
4250, 0.23
4251, 0.53
4252, 0.82
4253, 0.56
4254, 0.52
4255, 0.84
4256, 0.62
4257, 0.86
4258, 0.33
4259, 0.68
4260, 0.84
4261, 0.72
4262, 0.70
4263, 0.19
4264, 0.59
4265, 0.51
4266, 0.83
4267, 0.28
4268, 0.85
4269, 0.66
4270, 0.77
4271, 0.76
4272, 0.18
4273, 0.53
4274, 0.44
4275, 0.25
4276, 0.81
4277, 0.41
4278, 0.26
4279, 0.61
4280, 0.35
4281, 0.32
4282, 0.73
4283, 0.39
4284, 0.30
4285, 0.77
4286, 0.69
4287, 0.59
4288, 0.28
4289, 0.70
4290, 0.30
4291, 0.19
4292, 0.43
4293, 0.49
4294, 0.72
4295, 0.77
4296, 0.82
4297, 0.60
4298, 0.79
4299, 0.18
4300, 0.41
4301, 0.64
4302, 0.65
4303, 0.38
4304, 0.57
4305, 0.86
4306, 0.75
4307, 0.32
4308, 0.22
4309, 0.21
4310, 0.73
4311, 0.21
4312, 0.27
4313, 0.81
4314, 0.61
4315, 0.44
4316, 0.22
4317, 0.18
4318, 0.61
4319, 0.21
4320, 0.34
4321, 0.84
4322, 0.65
4323, 0.83
4324, 0.45
4325, 0.22
4326, 0.32
4327, 0.27
4328, 0.24
4329, 0.65
4330, 0.51
4331, 0.85
4332, 0.67
4333, 0.86
4334, 0.72
4335, 0.43
4336, 0.63
4337, 0.19
4338, 0.34
4339, 0.84
4340, 0.79
4341, 0.81
4342, 0.84
4343, 0.22
4344, 0.56
4345, 0.44
4346, 0.44
4347, 0.22
4348, 0.65
4349, 0.64
4350, 0.63
4351, 0.56
4352, 0.18
4353, 0.86
4354, 0.26
4355, 0.38
4356, 0.66
4357, 0.71
4358, 0.20
4359, 0.75
4360, 0.44
4361, 0.25
4362, 0.34
4363, 0.76
4364, 0.19
4365, 0.63
4366, 0.67
4367, 0.85
4368, 0.83
4369, 0.32
4370, 0.20
4371, 0.19
4372, 0.62
4373, 0.23
4374, 0.64
4375, 0.19
4376, 0.39
4377, 0.39
4378, 0.75
4379, 0.74
4380, 0.79
4381, 0.52
4382, 0.55
4383, 0.19
4384, 0.54
4385, 0.39
4386, 0.64
4387, 0.80
4388, 0.86
4389, 0.66
4390, 0.21
4391, 0.24
4392, 0.54
4393, 0.22
4394, 0.68
4395, 0.65
4396, 0.86
4397, 0.44
4398, 0.23
4399, 0.20
4400, 0.80
4401, 0.61
4402, 0.70
4403, 0.20
4404, 0.29
4405, 0.47
4406, 0.64
4407, 0.19
4408, 0.86
4409, 0.78
4410, 0.61
4411, 0.64
4412, 0.50
4413, 0.55
4414, 0.23
4415, 0.19
4416, 0.69
4417, 0.79
4418, 0.62
4419, 0.58
4420, 0.73
4421, 0.48
4422, 0.49
4423, 0.33
4424, 0.85
4425, 0.33
4426, 0.22
4427, 0.22
4428, 0.21
4429, 0.82
4430, 0.22
4431, 0.48
4432, 0.23
4433, 0.80
4434, 0.26
4435, 0.44
4436, 0.59
4437, 0.56
4438, 0.36
4439, 0.83
4440, 0.79
4441, 0.68
4442, 0.28
4443, 0.80
4444, 0.18
4445, 0.19
4446, 0.32
4447, 0.82
4448, 0.77
4449, 0.68
4450, 0.80
4451, 0.22
4452, 0.27
4453, 0.73
4454, 0.25
4455, 0.44
4456, 0.40
4457, 0.30
4458, 0.86
4459, 0.51
4460, 0.32
4461, 0.77
4462, 0.19
4463, 0.21
4464, 0.43
4465, 0.22
4466, 0.31
4467, 0.43
4468, 0.41
4469, 0.59
4470, 0.48
4471, 0.23
4472, 0.25
4473, 0.34
4474, 0.18
4475, 0.58
4476, 0.85
4477, 0.21
4478, 0.86
4479, 0.39
4480, 0.70
4481, 0.78
4482, 0.35
4483, 0.56
4484, 0.72
4485, 0.19
4486, 0.30
4487, 0.60
4488, 0.79
4489, 0.34
4490, 0.75
4491, 0.71
4492, 0.44
4493, 0.31
4494, 0.19
4495, 0.86
4496, 0.35
4497, 0.65
4498, 0.76
4499, 0.49
4500, 0.24
4501, 0.43
4502, 0.83
4503, 0.43
4504, 0.42
4505, 0.26
4506, 0.22
4507, 0.64
4508, 0.63
4509, 0.25
4510, 0.63
4511, 0.50
4512, 0.30
4513, 0.30
4514, 0.21
4515, 0.47
4516, 0.78
4517, 0.76
4518, 0.77
4519, 0.28
4520, 0.20
4521, 0.31
4522, 0.37
4523, 0.84
4524, 0.41
4525, 0.58
4526, 0.27
4527, 0.83
4528, 0.51
4529, 0.25
4530, 0.18
4531, 0.70
4532, 0.75
4533, 0.31
4534, 0.79
4535, 0.80
4536, 0.32
4537, 0.84
4538, 0.41
4539, 0.21
4540, 0.62
4541, 0.55
4542, 0.22
4543, 0.41
4544, 0.48
4545, 0.59
4546, 0.86
4547, 0.26
4548, 0.67
4549, 0.36
4550, 0.73
4551, 0.22
4552, 0.35
4553, 0.83
4554, 0.47
4555, 0.79
4556, 0.59
4557, 0.37
4558, 0.34
4559, 0.71
4560, 0.50
4561, 0.54
4562, 0.81
4563, 0.82
4564, 0.85
4565, 0.84
4566, 0.62
4567, 0.75
4568, 0.70
4569, 0.82
4570, 0.76
4571, 0.35
4572, 0.63
4573, 0.35
4574, 0.21
4575, 0.69
4576, 0.39
4577, 0.53
4578, 0.66
4579, 0.36
4580, 0.57
4581, 0.38
4582, 0.39
4583, 0.70
4584, 0.69
4585, 0.82
4586, 0.21
4587, 0.76
4588, 0.78
4589, 0.25
4590, 0.21
4591, 0.36
4592, 0.26
4593, 0.41
4594, 0.26
4595, 0.85
4596, 0.24
4597, 0.31
4598, 0.34
4599, 0.86
4600, 0.37
4601, 0.31
4602, 0.58
4603, 0.62
4604, 0.28
4605, 0.50
4606, 0.38
4607, 0.19
4608, 0.23
4609, 0.56
4610, 0.20
4611, 0.50
4612, 0.55
4613, 0.76
4614, 0.43
4615, 0.19
4616, 0.76
4617, 0.76
4618, 0.85
4619, 0.18
4620, 0.31
4621, 0.27
4622, 0.83
4623, 0.78
4624, 0.64
4625, 0.84
4626, 0.78
4627, 0.22
4628, 0.19
4629, 0.85
4630, 0.72
4631, 0.19
4632, 0.49
4633, 0.37
4634, 0.80
4635, 0.36
4636, 0.82
4637, 0.34
4638, 0.77
4639, 0.86
4640, 0.85
4641, 0.28
4642, 0.30
4643, 0.81
4644, 0.64
4645, 0.31
4646, 0.40
4647, 0.31
4648, 0.80
4649, 0.81
4650, 0.39
4651, 0.68
4652, 0.65
4653, 0.30
4654, 0.76
4655, 0.20
4656, 0.65
4657, 0.21
4658, 0.40
4659, 0.19
4660, 0.25
4661, 0.68
4662, 0.76
4663, 0.22
4664, 0.50
4665, 0.25
4666, 0.62
4667, 0.82
4668, 0.23
4669, 0.68
4670, 0.22
4671, 0.74
4672, 0.74
4673, 0.23
4674, 0.86
4675, 0.70
4676, 0.86
4677, 0.60
4678, 0.23
4679, 0.19
4680, 0.59
4681, 0.33
4682, 0.86
4683, 0.83
4684, 0.30
4685, 0.19
4686, 0.81
4687, 0.21
4688, 0.57
4689, 0.45
4690, 0.86
4691, 0.44
4692, 0.59
4693, 0.81
4694, 0.18
4695, 0.29
4696, 0.31
4697, 0.19
4698, 0.28
4699, 0.31
4700, 0.72
4701, 0.74
4702, 0.80
4703, 0.52
4704, 0.21
4705, 0.56
4706, 0.27
4707, 0.42
4708, 0.84
4709, 0.78
4710, 0.52
4711, 0.74
4712, 0.37
4713, 0.35
4714, 0.44
4715, 0.49
4716, 0.63
4717, 0.50
4718, 0.86
4719, 0.86
4720, 0.39
4721, 0.76
4722, 0.70
4723, 0.72
4724, 0.52
4725, 0.21
4726, 0.24
4727, 0.54
4728, 0.46
4729, 0.22
4730, 0.51
4731, 0.37
4732, 0.42
4733, 0.65
4734, 0.24
4735, 0.61
4736, 0.45
4737, 0.41
4738, 0.45
4739, 0.32
4740, 0.22
4741, 0.32
4742, 0.69
4743, 0.58
4744, 0.77
4745, 0.67
4746, 0.62
4747, 0.66
4748, 0.68
4749, 0.81
4750, 0.21
4751, 0.49
4752, 0.42
4753, 0.54
4754, 0.56
4755, 0.77
4756, 0.68
4757, 0.80
4758, 0.85
4759, 0.30
4760, 0.62
4761, 0.21
4762, 0.85
4763, 0.24
4764, 0.18
4765, 0.44
4766, 0.23
4767, 0.52
4768, 0.60
4769, 0.48
4770, 0.53
4771, 0.85
4772, 0.54
4773, 0.69
4774, 0.64
4775, 0.47
4776, 0.39
4777, 0.44
4778, 0.57
4779, 0.27
4780, 0.64
4781, 0.82
4782, 0.40
4783, 0.52
4784, 0.47
4785, 0.86
4786, 0.26
4787, 0.73
4788, 0.33
4789, 0.63
4790, 0.36
4791, 0.64
4792, 0.83
4793, 0.74
4794, 0.24
4795, 0.84
4796, 0.72
4797, 0.71
4798, 0.19
4799, 0.68
4800, 0.38
4801, 0.66
4802, 0.35
4803, 0.19
4804, 0.76
4805, 0.50
4806, 0.77
4807, 0.34
4808, 0.52
4809, 0.72
4810, 0.44
4811, 0.70
4812, 0.39
4813, 0.32
4814, 0.21
4815, 0.38
4816, 0.56
4817, 0.34
4818, 0.29
4819, 0.52
4820, 0.83
4821, 0.37
4822, 0.54
4823, 0.21
4824, 0.75
4825, 0.30
4826, 0.37
4827, 0.37
4828, 0.30
4829, 0.84
4830, 0.76
4831, 0.79
4832, 0.54
4833, 0.85
4834, 0.20
4835, 0.47
4836, 0.84
4837, 0.18
4838, 0.21
4839, 0.22
4840, 0.20
4841, 0.20
4842, 0.27
4843, 0.44
4844, 0.68
4845, 0.46
4846, 0.83
4847, 0.23
4848, 0.84
4849, 0.46
4850, 0.69
4851, 0.18
4852, 0.42
4853, 0.54
4854, 0.20
4855, 0.21
4856, 0.19
4857, 0.84
4858, 0.57
4859, 0.28
4860, 0.40
4861, 0.22
4862, 0.85
4863, 0.39
4864, 0.24
4865, 0.74
4866, 0.81
4867, 0.18
4868, 0.22
4869, 0.55
4870, 0.38
4871, 0.85
4872, 0.43
4873, 0.77
4874, 0.21
4875, 0.70
4876, 0.24
4877, 0.85
4878, 0.49
4879, 0.19
4880, 0.51
4881, 0.50
4882, 0.86
4883, 0.83
4884, 0.51
4885, 0.33
4886, 0.50
4887, 0.30
4888, 0.38
4889, 0.34
4890, 0.19
4891, 0.58
4892, 0.35
4893, 0.56
4894, 0.21
4895, 0.38
4896, 0.50
4897, 0.60
4898, 0.34
4899, 0.70
4900, 0.70
4901, 0.49
4902, 0.22
4903, 0.80
4904, 0.53
4905, 0.43
4906, 0.72
4907, 0.31
4908, 0.26
4909, 0.72
4910, 0.42
4911, 0.68
4912, 0.86
4913, 0.31
4914, 0.71
4915, 0.84
4916, 0.85
4917, 0.50
4918, 0.30
4919, 0.22
4920, 0.33
4921, 0.61
4922, 0.77
4923, 0.86
4924, 0.53
4925, 0.52
4926, 0.22
4927, 0.37
4928, 0.69
4929, 0.85
4930, 0.83
4931, 0.47
4932, 0.56
4933, 0.76
4934, 0.18
4935, 0.44
4936, 0.34
4937, 0.42
4938, 0.67
4939, 0.69
4940, 0.49
4941, 0.75
4942, 0.83
4943, 0.69
4944, 0.32
4945, 0.39
4946, 0.41
4947, 0.57
4948, 0.85
4949, 0.32
4950, 0.44
4951, 0.64
4952, 0.68
4953, 0.49
4954, 0.43
4955, 0.18
4956, 0.67
4957, 0.38
4958, 0.40
4959, 0.21
4960, 0.39
4961, 0.84
4962, 0.19
4963, 0.26
4964, 0.69
4965, 0.31
4966, 0.57
4967, 0.42
4968, 0.80
4969, 0.85
4970, 0.31
4971, 0.42
4972, 0.48
4973, 0.27
4974, 0.25
4975, 0.66
4976, 0.31
4977, 0.72
4978, 0.23
4979, 0.56
4980, 0.28
4981, 0.72
4982, 0.19
4983, 0.83
4984, 0.42
4985, 0.42
4986, 0.45
4987, 0.33
4988, 0.85
4989, 0.62
4990, 0.24
4991, 0.70
4992, 0.25
4993, 0.68
4994, 0.40
4995, 0.28
4996, 0.39
4997, 0.42
4998, 0.33
4999, 0.67
5000, 0.85
5001, 0.34
5002, 0.59
5003, 0.63
5004, 0.66
5005, 0.44
5006, 0.36
5007, 0.38
5008, 0.73
5009, 0.20
5010, 0.68
5011, 0.24
5012, 0.40
5013, 0.21
5014, 0.74
5015, 0.18
5016, 0.33
5017, 0.22
5018, 0.75
5019, 0.61
5020, 0.19
5021, 0.23
5022, 0.36
5023, 0.62
5024, 0.42
5025, 0.61
5026, 0.68
5027, 0.54
5028, 0.34
5029, 0.18
5030, 0.41
5031, 0.32
5032, 0.35
5033, 0.61
5034, 0.25
5035, 0.27
5036, 0.46
5037, 0.34
5038, 0.72
5039, 0.24
5040, 0.49
5041, 0.59
5042, 0.75
5043, 0.23
5044, 0.75
5045, 0.39
5046, 0.19
5047, 0.55
5048, 0.63
5049, 0.57
5050, 0.74
5051, 0.29
5052, 0.25
5053, 0.85
5054, 0.43
5055, 0.69
5056, 0.74
5057, 0.21
5058, 0.63
5059, 0.79
5060, 0.80
5061, 0.27
5062, 0.76
5063, 0.35
5064, 0.29
5065, 0.22
5066, 0.54
5067, 0.80
5068, 0.79
5069, 0.53
5070, 0.82
5071, 0.48
5072, 0.62
5073, 0.31
5074, 0.27
5075, 0.51
5076, 0.36
5077, 0.21
5078, 0.83
5079, 0.85
5080, 0.36
5081, 0.19
5082, 0.18
5083, 0.37
5084, 0.75
5085, 0.83
5086, 0.39
5087, 0.56
5088, 0.72
5089, 0.81
5090, 0.25
5091, 0.29
5092, 0.63
5093, 0.30
5094, 0.79
5095, 0.28
5096, 0.25
5097, 0.27
5098, 0.34
5099, 0.67
5100, 0.70
5101, 0.43
5102, 0.63
5103, 0.48
5104, 0.53
5105, 0.31
5106, 0.57
5107, 0.40
5108, 0.24
5109, 0.85
5110, 0.22
5111, 0.26
5112, 0.24
5113, 0.33
5114, 0.27
5115, 0.28
5116, 0.37
5117, 0.83
5118, 0.64
5119, 0.47
5120, 0.68
5121, 0.64
5122, 0.42
5123, 0.64
5124, 0.23
5125, 0.29
5126, 0.27
5127, 0.22
5128, 0.36
5129, 0.61
5130, 0.80
5131, 0.19
5132, 0.20
5133, 0.75
5134, 0.61
5135, 0.82
5136, 0.47
5137, 0.48
5138, 0.74
5139, 0.36
5140, 0.48
5141, 0.32
5142, 0.86
5143, 0.30
5144, 0.20
5145, 0.39
5146, 0.80
5147, 0.33
5148, 0.84
5149, 0.32
5150, 0.57
5151, 0.48
5152, 0.22
5153, 0.56
5154, 0.85
5155, 0.28
5156, 0.84
5157, 0.63
5158, 0.41
5159, 0.18
5160, 0.21
5161, 0.76
5162, 0.43
5163, 0.21
5164, 0.76
5165, 0.54
5166, 0.36
5167, 0.37
5168, 0.51
5169, 0.74
5170, 0.75
5171, 0.42
5172, 0.19
5173, 0.30
5174, 0.69
5175, 0.49
5176, 0.85
5177, 0.58
5178, 0.41
5179, 0.57
5180, 0.73
5181, 0.55
5182, 0.21
5183, 0.24
5184, 0.83
5185, 0.86
5186, 0.30
5187, 0.34
5188, 0.20
5189, 0.32
5190, 0.29
5191, 0.64
5192, 0.47
5193, 0.47
5194, 0.44
5195, 0.83
5196, 0.19
5197, 0.22
5198, 0.74
5199, 0.57
5200, 0.77
5201, 0.25
5202, 0.18
5203, 0.74
5204, 0.19
5205, 0.40
5206, 0.19
5207, 0.81
5208, 0.28
5209, 0.59
5210, 0.37
5211, 0.36
5212, 0.56
5213, 0.78
5214, 0.21
5215, 0.43
5216, 0.18
5217, 0.62
5218, 0.22
5219, 0.78
5220, 0.48
5221, 0.78
5222, 0.81
5223, 0.46
5224, 0.75
5225, 0.22
5226, 0.48
5227, 0.21
5228, 0.49
5229, 0.25
5230, 0.19
5231, 0.21
5232, 0.67
5233, 0.21
5234, 0.22
5235, 0.33
5236, 0.34
5237, 0.79
5238, 0.22
5239, 0.31
5240, 0.42
5241, 0.24
5242, 0.21
5243, 0.65
5244, 0.85
5245, 0.76
5246, 0.24
5247, 0.72
5248, 0.39
5249, 0.66
5250, 0.45
5251, 0.29
5252, 0.65
5253, 0.47
5254, 0.23
5255, 0.19
5256, 0.81
5257, 0.18
5258, 0.76
5259, 0.67
5260, 0.69
5261, 0.81
5262, 0.44
5263, 0.77
5264, 0.67
5265, 0.22
5266, 0.24
5267, 0.85
5268, 0.18
5269, 0.78
5270, 0.71
5271, 0.34
5272, 0.85
5273, 0.78
5274, 0.68
5275, 0.49
5276, 0.23
5277, 0.52
5278, 0.37
5279, 0.75
5280, 0.28
5281, 0.85
5282, 0.67
5283, 0.71
5284, 0.64
5285, 0.54
5286, 0.19
5287, 0.33
5288, 0.83
5289, 0.69
5290, 0.32
5291, 0.85
5292, 0.40
5293, 0.22
5294, 0.18
5295, 0.19
5296, 0.18
5297, 0.28
5298, 0.65
5299, 0.85
5300, 0.66
5301, 0.82
5302, 0.20
5303, 0.80
5304, 0.53
5305, 0.68
5306, 0.22
5307, 0.32
5308, 0.58
5309, 0.86
5310, 0.36
5311, 0.32
5312, 0.28
5313, 0.30
5314, 0.60
5315, 0.81
5316, 0.40
5317, 0.19
5318, 0.33
5319, 0.78
5320, 0.21
5321, 0.56
5322, 0.69
5323, 0.39
5324, 0.78
5325, 0.43
5326, 0.67
5327, 0.34
5328, 0.28
5329, 0.24
5330, 0.74
5331, 0.22
5332, 0.24
5333, 0.60
5334, 0.24
5335, 0.45
5336, 0.78
5337, 0.75
5338, 0.46
5339, 0.19
5340, 0.18
5341, 0.35
5342, 0.45
5343, 0.26
5344, 0.69
5345, 0.52
5346, 0.24
5347, 0.81
5348, 0.77
5349, 0.38
5350, 0.19
5351, 0.78
5352, 0.76
5353, 0.39
5354, 0.21
5355, 0.83
5356, 0.80
5357, 0.79
5358, 0.60
5359, 0.42
5360, 0.65
5361, 0.18
5362, 0.81
5363, 0.27
5364, 0.21
5365, 0.63
5366, 0.82
5367, 0.86
5368, 0.61
5369, 0.82
5370, 0.81
5371, 0.49
5372, 0.19
5373, 0.70
5374, 0.63
5375, 0.59
5376, 0.36
5377, 0.80
5378, 0.67
5379, 0.23
5380, 0.22
5381, 0.20
5382, 0.47
5383, 0.64
5384, 0.59
5385, 0.37
5386, 0.65
5387, 0.57
5388, 0.22
5389, 0.33
5390, 0.35
5391, 0.80
5392, 0.35
5393, 0.40
5394, 0.26
5395, 0.46
5396, 0.85
5397, 0.32
5398, 0.76
5399, 0.25
5400, 0.65
5401, 0.69
5402, 0.42
5403, 0.32
5404, 0.45
5405, 0.82
5406, 0.48
5407, 0.83
5408, 0.43
5409, 0.51
5410, 0.20
5411, 0.52
5412, 0.84
5413, 0.76
5414, 0.25
5415, 0.65
5416, 0.81
5417, 0.69
5418, 0.20
5419, 0.80
5420, 0.24
5421, 0.39
5422, 0.26
5423, 0.80
5424, 0.77
5425, 0.74
5426, 0.57
5427, 0.63
5428, 0.29
5429, 0.51
5430, 0.39
5431, 0.26
5432, 0.21
5433, 0.49
5434, 0.54
5435, 0.42
5436, 0.44
5437, 0.77
5438, 0.74
5439, 0.33
5440, 0.22
5441, 0.81
5442, 0.74
5443, 0.45
5444, 0.45
5445, 0.29
5446, 0.85
5447, 0.43
5448, 0.26
5449, 0.22
5450, 0.52
5451, 0.66
5452, 0.31
5453, 0.34
5454, 0.73
5455, 0.85
5456, 0.32
5457, 0.85
5458, 0.82
5459, 0.82
5460, 0.68
5461, 0.74
5462, 0.51
5463, 0.79
5464, 0.76
5465, 0.82
5466, 0.55
5467, 0.22
5468, 0.67
5469, 0.19
5470, 0.22
5471, 0.28
5472, 0.79
5473, 0.47
5474, 0.31
5475, 0.33
5476, 0.86
5477, 0.48
5478, 0.39
5479, 0.69
5480, 0.52
5481, 0.80
5482, 0.25
5483, 0.27
5484, 0.59
5485, 0.21
5486, 0.79
5487, 0.86
5488, 0.22
5489, 0.52
5490, 0.83
5491, 0.31
5492, 0.24
5493, 0.35
5494, 0.76
5495, 0.26
5496, 0.83
5497, 0.83
5498, 0.72
5499, 0.30
5500, 0.84
5501, 0.65
5502, 0.51
5503, 0.82
5504, 0.78
5505, 0.81
5506, 0.61
5507, 0.46
5508, 0.37
5509, 0.50
5510, 0.59
5511, 0.39
5512, 0.61
5513, 0.53
5514, 0.85
5515, 0.36
5516, 0.36
5517, 0.19
5518, 0.79
5519, 0.79
5520, 0.65
5521, 0.59
5522, 0.38
5523, 0.35
5524, 0.86
5525, 0.47
5526, 0.22
5527, 0.51
5528, 0.21
5529, 0.50
5530, 0.70
5531, 0.55
5532, 0.45
5533, 0.86
5534, 0.55
5535, 0.39
5536, 0.35
5537, 0.83
5538, 0.76
5539, 0.29
5540, 0.22
5541, 0.18
5542, 0.79
5543, 0.52
5544, 0.81
5545, 0.30
5546, 0.27
5547, 0.40
5548, 0.56
5549, 0.20
5550, 0.20
5551, 0.64
5552, 0.37
5553, 0.20
5554, 0.85
5555, 0.75
5556, 0.66
5557, 0.27
5558, 0.70
5559, 0.33
5560, 0.70
5561, 0.20
5562, 0.63
5563, 0.52
5564, 0.25
5565, 0.38
5566, 0.19
5567, 0.18
5568, 0.76
5569, 0.42
5570, 0.59
5571, 0.57
5572, 0.81
5573, 0.84
5574, 0.76
5575, 0.30
5576, 0.19
5577, 0.20
5578, 0.76
5579, 0.54
5580, 0.78
5581, 0.22
5582, 0.22
5583, 0.58
5584, 0.50
5585, 0.77
5586, 0.52
5587, 0.86
5588, 0.49
5589, 0.61
5590, 0.72
5591, 0.68
5592, 0.22
5593, 0.45
5594, 0.83
5595, 0.83
5596, 0.55
5597, 0.21
5598, 0.61
5599, 0.86
5600, 0.67
5601, 0.61
5602, 0.70
5603, 0.81
5604, 0.20
5605, 0.60
5606, 0.22
5607, 0.74
5608, 0.26
5609, 0.27
5610, 0.23
5611, 0.77
5612, 0.41
5613, 0.38
5614, 0.36
5615, 0.19
5616, 0.23
5617, 0.83
5618, 0.68
5619, 0.71
5620, 0.63
5621, 0.85
5622, 0.25
5623, 0.25
5624, 0.28
5625, 0.60
5626, 0.21
5627, 0.76
5628, 0.21
5629, 0.82
5630, 0.42
5631, 0.65
5632, 0.52
5633, 0.82
5634, 0.60
5635, 0.79
5636, 0.24
5637, 0.31
5638, 0.54
5639, 0.40
5640, 0.66
5641, 0.34
5642, 0.57
5643, 0.32
5644, 0.78
5645, 0.73
5646, 0.21
5647, 0.56
5648, 0.24
5649, 0.58
5650, 0.52
5651, 0.41
5652, 0.72
5653, 0.26
5654, 0.40
5655, 0.78
5656, 0.34
5657, 0.33
5658, 0.85
5659, 0.61
5660, 0.82
5661, 0.81
5662, 0.86
5663, 0.62
5664, 0.75
5665, 0.23
5666, 0.82
5667, 0.58
5668, 0.55
5669, 0.19
5670, 0.46
5671, 0.73
5672, 0.79
5673, 0.27
5674, 0.33
5675, 0.83
5676, 0.38
5677, 0.38
5678, 0.55
5679, 0.73
5680, 0.48
5681, 0.36
5682, 0.35
5683, 0.48
5684, 0.85
5685, 0.24
5686, 0.50
5687, 0.71
5688, 0.74
5689, 0.25
5690, 0.24
5691, 0.55
5692, 0.68
5693, 0.49
5694, 0.56
5695, 0.19
5696, 0.25
5697, 0.71
5698, 0.36
5699, 0.41
5700, 0.28
5701, 0.82
5702, 0.26
5703, 0.83
5704, 0.48
5705, 0.84
5706, 0.64
5707, 0.34
5708, 0.51
5709, 0.28
5710, 0.69
5711, 0.23
5712, 0.42
5713, 0.19
5714, 0.62
5715, 0.57
5716, 0.81
5717, 0.79
5718, 0.41
5719, 0.27
5720, 0.74
5721, 0.29
5722, 0.31
5723, 0.81
5724, 0.38
5725, 0.30
5726, 0.56
5727, 0.21
5728, 0.63
5729, 0.19
5730, 0.24
5731, 0.38
5732, 0.35
5733, 0.81
5734, 0.50
5735, 0.30
5736, 0.86
5737, 0.66
5738, 0.62
5739, 0.45
5740, 0.26
5741, 0.57
5742, 0.63
5743, 0.41
5744, 0.82
5745, 0.81
5746, 0.32
5747, 0.50
5748, 0.20
5749, 0.66
5750, 0.21
5751, 0.68
5752, 0.72
5753, 0.82
5754, 0.79
5755, 0.41
5756, 0.49
5757, 0.32
5758, 0.38
5759, 0.34
5760, 0.48
5761, 0.80
5762, 0.41
5763, 0.59
5764, 0.83
5765, 0.19
5766, 0.35
5767, 0.28
5768, 0.82
5769, 0.83
5770, 0.53
5771, 0.22
5772, 0.54
5773, 0.24
5774, 0.79
5775, 0.70
5776, 0.71
5777, 0.41
5778, 0.21
5779, 0.54
5780, 0.37
5781, 0.69
5782, 0.36
5783, 0.54
5784, 0.56
5785, 0.61
5786, 0.70
5787, 0.41
5788, 0.79
5789, 0.30
5790, 0.71
5791, 0.22
5792, 0.42
5793, 0.44
5794, 0.78
5795, 0.33
5796, 0.23
5797, 0.29
5798, 0.70
5799, 0.45
5800, 0.18
5801, 0.33
5802, 0.73
5803, 0.26
5804, 0.80
5805, 0.85
5806, 0.52
5807, 0.25
5808, 0.22
5809, 0.32
5810, 0.67
5811, 0.45
5812, 0.23
5813, 0.78
5814, 0.79
5815, 0.31
5816, 0.59
5817, 0.28
5818, 0.63
5819, 0.23
5820, 0.38
5821, 0.54
5822, 0.38
5823, 0.28
5824, 0.81
5825, 0.61
5826, 0.80
5827, 0.66
5828, 0.23
5829, 0.81
5830, 0.53
5831, 0.70
5832, 0.79
5833, 0.68
5834, 0.54
5835, 0.35
5836, 0.19
5837, 0.80
5838, 0.33
5839, 0.20
5840, 0.72
5841, 0.65
5842, 0.75
5843, 0.76
5844, 0.40
5845, 0.72
5846, 0.72
5847, 0.19
5848, 0.71
5849, 0.22
5850, 0.35
5851, 0.23
5852, 0.44
5853, 0.52
5854, 0.18
5855, 0.31
5856, 0.59
5857, 0.20
5858, 0.52
5859, 0.60
5860, 0.65
5861, 0.24
5862, 0.36
5863, 0.82
5864, 0.81
5865, 0.73
5866, 0.56
5867, 0.84
5868, 0.22
5869, 0.46
5870, 0.21
5871, 0.47
5872, 0.56
5873, 0.67
5874, 0.27
5875, 0.36
5876, 0.85
5877, 0.61
5878, 0.30
5879, 0.25
5880, 0.34
5881, 0.22
5882, 0.23
5883, 0.85
5884, 0.76
5885, 0.55
5886, 0.27
5887, 0.62
5888, 0.32
5889, 0.20
5890, 0.42
5891, 0.28
5892, 0.40
5893, 0.21
5894, 0.77
5895, 0.19
5896, 0.26
5897, 0.24
5898, 0.34
5899, 0.20
5900, 0.37
5901, 0.25
5902, 0.48
5903, 0.73
5904, 0.59
5905, 0.47
5906, 0.26
5907, 0.53
5908, 0.76
5909, 0.43
5910, 0.85
5911, 0.22
5912, 0.45
5913, 0.75
5914, 0.24
5915, 0.63
5916, 0.25
5917, 0.20
5918, 0.20
5919, 0.52
5920, 0.74
5921, 0.49
5922, 0.55
5923, 0.76
5924, 0.39
5925, 0.29
5926, 0.77
5927, 0.28
5928, 0.75
5929, 0.80
5930, 0.71
5931, 0.39
5932, 0.28
5933, 0.86
5934, 0.60
5935, 0.19
5936, 0.22
5937, 0.74
5938, 0.62
5939, 0.18
5940, 0.20
5941, 0.84
5942, 0.19
5943, 0.41
5944, 0.55
5945, 0.83
5946, 0.55
5947, 0.46
5948, 0.78
5949, 0.82
5950, 0.47
5951, 0.74
5952, 0.22
5953, 0.19
5954, 0.47
5955, 0.23
5956, 0.76
5957, 0.53
5958, 0.40
5959, 0.50
5960, 0.80
5961, 0.26
5962, 0.36
5963, 0.71
5964, 0.85
5965, 0.57
5966, 0.65
5967, 0.29
5968, 0.76
5969, 0.19
5970, 0.63
5971, 0.66
5972, 0.71
5973, 0.21
5974, 0.46
5975, 0.57
5976, 0.18
5977, 0.20
5978, 0.42
5979, 0.30
5980, 0.73
5981, 0.30
5982, 0.78
5983, 0.80
5984, 0.37
5985, 0.26
5986, 0.71
5987, 0.28
5988, 0.78
5989, 0.72
5990, 0.84
5991, 0.85
5992, 0.77
5993, 0.56
5994, 0.53
5995, 0.82
5996, 0.51
5997, 0.29
5998, 0.62
5999, 0.70
6000, 0.85
6001, 0.40
6002, 0.85
6003, 0.46
6004, 0.19
6005, 0.60
6006, 0.21
6007, 0.37
6008, 0.60
6009, 0.57
6010, 0.77
6011, 0.19
6012, 0.38
6013, 0.69
6014, 0.26
6015, 0.51
6016, 0.30
6017, 0.67
6018, 0.33
6019, 0.46
6020, 0.36
6021, 0.25
6022, 0.22
6023, 0.80
6024, 0.37
6025, 0.28
6026, 0.52
6027, 0.82
6028, 0.69
6029, 0.54
6030, 0.31
6031, 0.21
6032, 0.84
6033, 0.33
6034, 0.64
6035, 0.48
6036, 0.84
6037, 0.54
6038, 0.82
6039, 0.53
6040, 0.28
6041, 0.38
6042, 0.43
6043, 0.81
6044, 0.79
6045, 0.22
6046, 0.72
6047, 0.51
6048, 0.82
6049, 0.19
6050, 0.82
6051, 0.44
6052, 0.67
6053, 0.60
6054, 0.57
6055, 0.81
6056, 0.21
6057, 0.66
6058, 0.84
6059, 0.60
6060, 0.24
6061, 0.60
6062, 0.74
6063, 0.24
6064, 0.26
6065, 0.62
6066, 0.54
6067, 0.61
6068, 0.69
6069, 0.25
6070, 0.75
6071, 0.86
6072, 0.46
6073, 0.19
6074, 0.35
6075, 0.30
6076, 0.27
6077, 0.55
6078, 0.48
6079, 0.81
6080, 0.28
6081, 0.41
6082, 0.44
6083, 0.68
6084, 0.59
6085, 0.81
6086, 0.63
6087, 0.42
6088, 0.41
6089, 0.51
6090, 0.22
6091, 0.78
6092, 0.28
6093, 0.50
6094, 0.58
6095, 0.30
6096, 0.75
6097, 0.36
6098, 0.22
6099, 0.75
6100, 0.79
6101, 0.24
6102, 0.19
6103, 0.82
6104, 0.22
6105, 0.60
6106, 0.65
6107, 0.73
6108, 0.64
6109, 0.55
6110, 0.22
6111, 0.38
6112, 0.29
6113, 0.28
6114, 0.34
6115, 0.65
6116, 0.49
6117, 0.72
6118, 0.35
6119, 0.46
6120, 0.75
6121, 0.70
6122, 0.19
6123, 0.26
6124, 0.29
6125, 0.62
6126, 0.72
6127, 0.62
6128, 0.40
6129, 0.50
6130, 0.41
6131, 0.82
6132, 0.37
6133, 0.62
6134, 0.24
6135, 0.23
6136, 0.62
6137, 0.84
6138, 0.46
6139, 0.84
6140, 0.35
6141, 0.51
6142, 0.76
6143, 0.49
6144, 0.23
6145, 0.55
6146, 0.26
6147, 0.39
6148, 0.23
6149, 0.75
6150, 0.70
6151, 0.47
6152, 0.43
6153, 0.79
6154, 0.84
6155, 0.19
6156, 0.24
6157, 0.72
6158, 0.30
6159, 0.21
6160, 0.49
6161, 0.20
6162, 0.40
6163, 0.32
6164, 0.56
6165, 0.72
6166, 0.70
6167, 0.46
6168, 0.46
6169, 0.33
6170, 0.79
6171, 0.80
6172, 0.47
6173, 0.65
6174, 0.28
6175, 0.48
6176, 0.73
6177, 0.49
6178, 0.34
6179, 0.78
6180, 0.41
6181, 0.22
6182, 0.80
6183, 0.57
6184, 0.28
6185, 0.29
6186, 0.66
6187, 0.76
6188, 0.48
6189, 0.84
6190, 0.76
6191, 0.39
6192, 0.46
6193, 0.85
6194, 0.41
6195, 0.84
6196, 0.51
6197, 0.85
6198, 0.59
6199, 0.84
6200, 0.62
6201, 0.73
6202, 0.23
6203, 0.32
6204, 0.84
6205, 0.42
6206, 0.81
6207, 0.70
6208, 0.45
6209, 0.79
6210, 0.43
6211, 0.34
6212, 0.33
6213, 0.20
6214, 0.52
6215, 0.54
6216, 0.44
6217, 0.67
6218, 0.20
6219, 0.86
6220, 0.27
6221, 0.43
6222, 0.24
6223, 0.72
6224, 0.44
6225, 0.35
6226, 0.68
6227, 0.55
6228, 0.59
6229, 0.60
6230, 0.82
6231, 0.56
6232, 0.23
6233, 0.78
6234, 0.85
6235, 0.22
6236, 0.28
6237, 0.44
6238, 0.68
6239, 0.68
6240, 0.29
6241, 0.70
6242, 0.69
6243, 0.32
6244, 0.68
6245, 0.58
6246, 0.63
6247, 0.20
6248, 0.41
6249, 0.24
6250, 0.80
6251, 0.33
6252, 0.45
6253, 0.46
6254, 0.19
6255, 0.45
6256, 0.71
6257, 0.22
6258, 0.48
6259, 0.65
6260, 0.55
6261, 0.60
6262, 0.69
6263, 0.38
6264, 0.22
6265, 0.25
6266, 0.84
6267, 0.81
6268, 0.86
6269, 0.65
6270, 0.68
6271, 0.65
6272, 0.37
6273, 0.19
6274, 0.24
6275, 0.47
6276, 0.61
6277, 0.76
6278, 0.40
6279, 0.32
6280, 0.84
6281, 0.23
6282, 0.29
6283, 0.19
6284, 0.25
6285, 0.26
6286, 0.55
6287, 0.27
6288, 0.61
6289, 0.23
6290, 0.57
6291, 0.36
6292, 0.32
6293, 0.54
6294, 0.23
6295, 0.84
6296, 0.86
6297, 0.22
6298, 0.30
6299, 0.86
6300, 0.70
6301, 0.26
6302, 0.29
6303, 0.81
6304, 0.84
6305, 0.69
6306, 0.63
6307, 0.81
6308, 0.31
6309, 0.20
6310, 0.31
6311, 0.80
6312, 0.18
6313, 0.31
6314, 0.37
6315, 0.33
6316, 0.67
6317, 0.78
6318, 0.65
6319, 0.22
6320, 0.83
6321, 0.59
6322, 0.38
6323, 0.42
6324, 0.86
6325, 0.57
6326, 0.18
6327, 0.41
6328, 0.19
6329, 0.26
6330, 0.32
6331, 0.19
6332, 0.53
6333, 0.25
6334, 0.68
6335, 0.39
6336, 0.74
6337, 0.49
6338, 0.34
6339, 0.35
6340, 0.21
6341, 0.50
6342, 0.72
6343, 0.29
6344, 0.83
6345, 0.70
6346, 0.86
6347, 0.21
6348, 0.86
6349, 0.32
6350, 0.30
6351, 0.57
6352, 0.54
6353, 0.66
6354, 0.23
6355, 0.76
6356, 0.21
6357, 0.78
6358, 0.26
6359, 0.74
6360, 0.60
6361, 0.20
6362, 0.43
6363, 0.74
6364, 0.26
6365, 0.40
6366, 0.21
6367, 0.28
6368, 0.27
6369, 0.49
6370, 0.30
6371, 0.72
6372, 0.20
6373, 0.40
6374, 0.30
6375, 0.22
6376, 0.74
6377, 0.37
6378, 0.86
6379, 0.77
6380, 0.19
6381, 0.43
6382, 0.47
6383, 0.52
6384, 0.50
6385, 0.66
6386, 0.41
6387, 0.19
6388, 0.36
6389, 0.73
6390, 0.46
6391, 0.69
6392, 0.33
6393, 0.56
6394, 0.19
6395, 0.18
6396, 0.85
6397, 0.25
6398, 0.34
6399, 0.68
6400, 0.63
6401, 0.74
6402, 0.23
6403, 0.44
6404, 0.36
6405, 0.19
6406, 0.20
6407, 0.75
6408, 0.56
6409, 0.50
6410, 0.63
6411, 0.35
6412, 0.42
6413, 0.19
6414, 0.44
6415, 0.42
6416, 0.44
6417, 0.47
6418, 0.74
6419, 0.71
6420, 0.53
6421, 0.83
6422, 0.22
6423, 0.23
6424, 0.34
6425, 0.43
6426, 0.68
6427, 0.62
6428, 0.23
6429, 0.49
6430, 0.85
6431, 0.24
6432, 0.21
6433, 0.21
6434, 0.21
6435, 0.19
6436, 0.18
6437, 0.71
6438, 0.42
6439, 0.28
6440, 0.58
6441, 0.29
6442, 0.63
6443, 0.49
6444, 0.21
6445, 0.19
6446, 0.49
6447, 0.81
6448, 0.78
6449, 0.31
6450, 0.22
6451, 0.63
6452, 0.26
6453, 0.79
6454, 0.45
6455, 0.37
6456, 0.65
6457, 0.36
6458, 0.44
6459, 0.53
6460, 0.26
6461, 0.22
6462, 0.20
6463, 0.25
6464, 0.76
6465, 0.24
6466, 0.18
6467, 0.22
6468, 0.71
6469, 0.50
6470, 0.23
6471, 0.83
6472, 0.25
6473, 0.21
6474, 0.57
6475, 0.71
6476, 0.84
6477, 0.43
6478, 0.30
6479, 0.22
6480, 0.23
6481, 0.48
6482, 0.31
6483, 0.38
6484, 0.82
6485, 0.34
6486, 0.22
6487, 0.62
6488, 0.58
6489, 0.19
6490, 0.51
6491, 0.52
6492, 0.20
6493, 0.75
6494, 0.34
6495, 0.19
6496, 0.25
6497, 0.46
6498, 0.81
6499, 0.57
6500, 0.68
6501, 0.38
6502, 0.43
6503, 0.26
6504, 0.26
6505, 0.23
6506, 0.59
6507, 0.84
6508, 0.41
6509, 0.52
6510, 0.51
6511, 0.69
6512, 0.83
6513, 0.34
6514, 0.26
6515, 0.73
6516, 0.69
6517, 0.74
6518, 0.19
6519, 0.45
6520, 0.83
6521, 0.72
6522, 0.37
6523, 0.31
6524, 0.31
6525, 0.67
6526, 0.75
6527, 0.79
6528, 0.73
6529, 0.53
6530, 0.85
6531, 0.81
6532, 0.44
6533, 0.21
6534, 0.71
6535, 0.22
6536, 0.85
6537, 0.46
6538, 0.57
6539, 0.80
6540, 0.65
6541, 0.72
6542, 0.20
6543, 0.86
6544, 0.19
6545, 0.20
6546, 0.32
6547, 0.36
6548, 0.41
6549, 0.32
6550, 0.24
6551, 0.58
6552, 0.20
6553, 0.78
6554, 0.58
6555, 0.67
6556, 0.30
6557, 0.34
6558, 0.71
6559, 0.37
6560, 0.86
6561, 0.60
6562, 0.78
6563, 0.55
6564, 0.34
6565, 0.78
6566, 0.19
6567, 0.85
6568, 0.60
6569, 0.20
6570, 0.64
6571, 0.48
6572, 0.30
6573, 0.82
6574, 0.86
6575, 0.19
6576, 0.26
6577, 0.79
6578, 0.70
6579, 0.30
6580, 0.66
6581, 0.46
6582, 0.25
6583, 0.78
6584, 0.69
6585, 0.41
6586, 0.19
6587, 0.21
6588, 0.79
6589, 0.31
6590, 0.30
6591, 0.69
6592, 0.86
6593, 0.61
6594, 0.37
6595, 0.82
6596, 0.22
6597, 0.59
6598, 0.58
6599, 0.43
6600, 0.60
6601, 0.40
6602, 0.29
6603, 0.51
6604, 0.27
6605, 0.42
6606, 0.82
6607, 0.38
6608, 0.83
6609, 0.56
6610, 0.18
6611, 0.19
6612, 0.25
6613, 0.65
6614, 0.69
6615, 0.84
6616, 0.19
6617, 0.86
6618, 0.19
6619, 0.26
6620, 0.23
6621, 0.20
6622, 0.42
6623, 0.26
6624, 0.21
6625, 0.40
6626, 0.30
6627, 0.41
6628, 0.37
6629, 0.36
6630, 0.59
6631, 0.51
6632, 0.64
6633, 0.31
6634, 0.33
6635, 0.85
6636, 0.34
6637, 0.72
6638, 0.59
6639, 0.82
6640, 0.49
6641, 0.85
6642, 0.35
6643, 0.19
6644, 0.67
6645, 0.25
6646, 0.30
6647, 0.20
6648, 0.81
6649, 0.22
6650, 0.22
6651, 0.55
6652, 0.44
6653, 0.60
6654, 0.64
6655, 0.28
6656, 0.25
6657, 0.76
6658, 0.74
6659, 0.41
6660, 0.33
6661, 0.40
6662, 0.56
6663, 0.70
6664, 0.30
6665, 0.85
6666, 0.53
6667, 0.30
6668, 0.72
6669, 0.35
6670, 0.46
6671, 0.80
6672, 0.43
6673, 0.26
6674, 0.68
6675, 0.18
6676, 0.78
6677, 0.51
6678, 0.74
6679, 0.61
6680, 0.21
6681, 0.27
6682, 0.45
6683, 0.27
6684, 0.23
6685, 0.69
6686, 0.59
6687, 0.83
6688, 0.66
6689, 0.82
6690, 0.61
6691, 0.80
6692, 0.77
6693, 0.47
6694, 0.36
6695, 0.85
6696, 0.84
6697, 0.31
6698, 0.38
6699, 0.37
6700, 0.82
6701, 0.43
6702, 0.20
6703, 0.84
6704, 0.39
6705, 0.50
6706, 0.63
6707, 0.38
6708, 0.47
6709, 0.51
6710, 0.19
6711, 0.75
6712, 0.54
6713, 0.36
6714, 0.51
6715, 0.66
6716, 0.54
6717, 0.30
6718, 0.78
6719, 0.22
6720, 0.25
6721, 0.48
6722, 0.69
6723, 0.86
6724, 0.86
6725, 0.31
6726, 0.33
6727, 0.57
6728, 0.22
6729, 0.86
6730, 0.52
6731, 0.49
6732, 0.79
6733, 0.46
6734, 0.58
6735, 0.79
6736, 0.24
6737, 0.39
6738, 0.22
6739, 0.48
6740, 0.77
6741, 0.38
6742, 0.21
6743, 0.28
6744, 0.86
6745, 0.62
6746, 0.39
6747, 0.57
6748, 0.35
6749, 0.79
6750, 0.37
6751, 0.19
6752, 0.34
6753, 0.46
6754, 0.42
6755, 0.22
6756, 0.53
6757, 0.71
6758, 0.29
6759, 0.21
6760, 0.70
6761, 0.30
6762, 0.29
6763, 0.47
6764, 0.68
6765, 0.77
6766, 0.33
6767, 0.85
6768, 0.55
6769, 0.22
6770, 0.86
6771, 0.81
6772, 0.48
6773, 0.20
6774, 0.40
6775, 0.73
6776, 0.35
6777, 0.64
6778, 0.32
6779, 0.25
6780, 0.66
6781, 0.84
6782, 0.26
6783, 0.62
6784, 0.80
6785, 0.21
6786, 0.40
6787, 0.77
6788, 0.52
6789, 0.85
6790, 0.19
6791, 0.77
6792, 0.84
6793, 0.22
6794, 0.26
6795, 0.52
6796, 0.67
6797, 0.72
6798, 0.84
6799, 0.22
6800, 0.29
6801, 0.66
6802, 0.50
6803, 0.39
6804, 0.21
6805, 0.38
6806, 0.56
6807, 0.42
6808, 0.20
6809, 0.20
6810, 0.19
6811, 0.35
6812, 0.44
6813, 0.23
6814, 0.43
6815, 0.32
6816, 0.34
6817, 0.47
6818, 0.55
6819, 0.64
6820, 0.33
6821, 0.82
6822, 0.26
6823, 0.45
6824, 0.54
6825, 0.79
6826, 0.40
6827, 0.22
6828, 0.23
6829, 0.52
6830, 0.22
6831, 0.78
6832, 0.22
6833, 0.83
6834, 0.69
6835, 0.21
6836, 0.39
6837, 0.25
6838, 0.52
6839, 0.47
6840, 0.77
6841, 0.30
6842, 0.38
6843, 0.38
6844, 0.29
6845, 0.64
6846, 0.28
6847, 0.83
6848, 0.19
6849, 0.58
6850, 0.57
6851, 0.76
6852, 0.33
6853, 0.23
6854, 0.81
6855, 0.19
6856, 0.77
6857, 0.83
6858, 0.68
6859, 0.36
6860, 0.25
6861, 0.85
6862, 0.84
6863, 0.68
6864, 0.61
6865, 0.21
6866, 0.64
6867, 0.42
6868, 0.44
6869, 0.70
6870, 0.63
6871, 0.45
6872, 0.38
6873, 0.68
6874, 0.68
6875, 0.63
6876, 0.36
6877, 0.40
6878, 0.75
6879, 0.33
6880, 0.56
6881, 0.63
6882, 0.48
6883, 0.30
6884, 0.78
6885, 0.36
6886, 0.30
6887, 0.28
6888, 0.82
6889, 0.26
6890, 0.53
6891, 0.64
6892, 0.36
6893, 0.64
6894, 0.50
6895, 0.85
6896, 0.26
6897, 0.56
6898, 0.76
6899, 0.45
6900, 0.86
6901, 0.58
6902, 0.38
6903, 0.26
6904, 0.24
6905, 0.54
6906, 0.39
6907, 0.31
6908, 0.29
6909, 0.18
6910, 0.46
6911, 0.70
6912, 0.32
6913, 0.24
6914, 0.40
6915, 0.19
6916, 0.45
6917, 0.48
6918, 0.38
6919, 0.72
6920, 0.74
6921, 0.36
6922, 0.69
6923, 0.18
6924, 0.74
6925, 0.60
6926, 0.59
6927, 0.26
6928, 0.38
6929, 0.39
6930, 0.31
6931, 0.35
6932, 0.68
6933, 0.52
6934, 0.47
6935, 0.76
6936, 0.84
6937, 0.67
6938, 0.78
6939, 0.48
6940, 0.84
6941, 0.56
6942, 0.23
6943, 0.29
6944, 0.70
6945, 0.84
6946, 0.21
6947, 0.75
6948, 0.18
6949, 0.84
6950, 0.81
6951, 0.42
6952, 0.80
6953, 0.57
6954, 0.39
6955, 0.74
6956, 0.26
6957, 0.19
6958, 0.21
6959, 0.43
6960, 0.22
6961, 0.65
6962, 0.19
6963, 0.38
6964, 0.60
6965, 0.85
6966, 0.37
6967, 0.37
6968, 0.41
6969, 0.27
6970, 0.69
6971, 0.19
6972, 0.65
6973, 0.37
6974, 0.79
6975, 0.67
6976, 0.21
6977, 0.18
6978, 0.58
6979, 0.31
6980, 0.33
6981, 0.23
6982, 0.77
6983, 0.68
6984, 0.29
6985, 0.22
6986, 0.57
6987, 0.75
6988, 0.59
6989, 0.74
6990, 0.64
6991, 0.35
6992, 0.26
6993, 0.47
6994, 0.33
6995, 0.83
6996, 0.38
6997, 0.85
6998, 0.55
6999, 0.38
7000, 0.47
7001, 0.24
7002, 0.47
7003, 0.27
7004, 0.83
7005, 0.82
7006, 0.42
7007, 0.54
7008, 0.66
7009, 0.58
7010, 0.86
7011, 0.37
7012, 0.77
7013, 0.58
7014, 0.19
7015, 0.72
7016, 0.24
7017, 0.64
7018, 0.54
7019, 0.46
7020, 0.75
7021, 0.36
7022, 0.19
7023, 0.82
7024, 0.69
7025, 0.42
7026, 0.76
7027, 0.19
7028, 0.50
7029, 0.65
7030, 0.79
7031, 0.48
7032, 0.63
7033, 0.21
7034, 0.66
7035, 0.21
7036, 0.70
7037, 0.18
7038, 0.78
7039, 0.56
7040, 0.35
7041, 0.58
7042, 0.72
7043, 0.32
7044, 0.27
7045, 0.52
7046, 0.49
7047, 0.57
7048, 0.69
7049, 0.52
7050, 0.42
7051, 0.34
7052, 0.24
7053, 0.32
7054, 0.81
7055, 0.30
7056, 0.28
7057, 0.22
7058, 0.39
7059, 0.22
7060, 0.27
7061, 0.20
7062, 0.58
7063, 0.54
7064, 0.32
7065, 0.80
7066, 0.24
7067, 0.31
7068, 0.35
7069, 0.37
7070, 0.67
7071, 0.78
7072, 0.85
7073, 0.19
7074, 0.81
7075, 0.21
7076, 0.36
7077, 0.26
7078, 0.41
7079, 0.86
7080, 0.84
7081, 0.70
7082, 0.20
7083, 0.38
7084, 0.61
7085, 0.56
7086, 0.35
7087, 0.85
7088, 0.67
7089, 0.57
7090, 0.42
7091, 0.65
7092, 0.63
7093, 0.20
7094, 0.21
7095, 0.31
7096, 0.53
7097, 0.38
7098, 0.40
7099, 0.22
7100, 0.39
7101, 0.22
7102, 0.78
7103, 0.22
7104, 0.67
7105, 0.70
7106, 0.77
7107, 0.24
7108, 0.36
7109, 0.55
7110, 0.28
7111, 0.70
7112, 0.22
7113, 0.73
7114, 0.56
7115, 0.49
7116, 0.40
7117, 0.60
7118, 0.71
7119, 0.79
7120, 0.49
7121, 0.36
7122, 0.19
7123, 0.84
7124, 0.26
7125, 0.22
7126, 0.20
7127, 0.39
7128, 0.26
7129, 0.72
7130, 0.67
7131, 0.72
7132, 0.82
7133, 0.21
7134, 0.23
7135, 0.69
7136, 0.48
7137, 0.23
7138, 0.44
7139, 0.78
7140, 0.34
7141, 0.61
7142, 0.85
7143, 0.31
7144, 0.26
7145, 0.33
7146, 0.57
7147, 0.45
7148, 0.31
7149, 0.60
7150, 0.33
7151, 0.72
7152, 0.78
7153, 0.72
7154, 0.72
7155, 0.22
7156, 0.32
7157, 0.25
7158, 0.68
7159, 0.64
7160, 0.66
7161, 0.19
7162, 0.21
7163, 0.19
7164, 0.82
7165, 0.50
7166, 0.84
7167, 0.38
7168, 0.32
7169, 0.36
7170, 0.82
7171, 0.56
7172, 0.82
7173, 0.73
7174, 0.67
7175, 0.86
7176, 0.83
7177, 0.55
7178, 0.60
7179, 0.86
7180, 0.86
7181, 0.83
7182, 0.21
7183, 0.82
7184, 0.21
7185, 0.32
7186, 0.23
7187, 0.47
7188, 0.23
7189, 0.54
7190, 0.82
7191, 0.20
7192, 0.84
7193, 0.26
7194, 0.77
7195, 0.76
7196, 0.80
7197, 0.21
7198, 0.36
7199, 0.43
7200, 0.73
7201, 0.74
7202, 0.43
7203, 0.21
7204, 0.27
7205, 0.53
7206, 0.56
7207, 0.34
7208, 0.23
7209, 0.44
7210, 0.20
7211, 0.37
7212, 0.28
7213, 0.81
7214, 0.49
7215, 0.26
7216, 0.84
7217, 0.79
7218, 0.79
7219, 0.28
7220, 0.21
7221, 0.70
7222, 0.85
7223, 0.23
7224, 0.57
7225, 0.86
7226, 0.46
7227, 0.43
7228, 0.25
7229, 0.74
7230, 0.44
7231, 0.76
7232, 0.35
7233, 0.32
7234, 0.40
7235, 0.22
7236, 0.69
7237, 0.61
7238, 0.21
7239, 0.29
7240, 0.28
7241, 0.50
7242, 0.67
7243, 0.75
7244, 0.33
7245, 0.31
7246, 0.74
7247, 0.70
7248, 0.19
7249, 0.57
7250, 0.49
7251, 0.77
7252, 0.83
7253, 0.58
7254, 0.21
7255, 0.82
7256, 0.44
7257, 0.19
7258, 0.76
7259, 0.45
7260, 0.41
7261, 0.22
7262, 0.80
7263, 0.78
7264, 0.76
7265, 0.26
7266, 0.22
7267, 0.86
7268, 0.54
7269, 0.34
7270, 0.27
7271, 0.35
7272, 0.24
7273, 0.62
7274, 0.84
7275, 0.50
7276, 0.72
7277, 0.64
7278, 0.65
7279, 0.45
7280, 0.62
7281, 0.54
7282, 0.24
7283, 0.27
7284, 0.45
7285, 0.81
7286, 0.38
7287, 0.83
7288, 0.60
7289, 0.70
7290, 0.33
7291, 0.82
7292, 0.41
7293, 0.38
7294, 0.24
7295, 0.20
7296, 0.19
7297, 0.80
7298, 0.86
7299, 0.62
7300, 0.63
7301, 0.22
7302, 0.79
7303, 0.26
7304, 0.22
7305, 0.84
7306, 0.44
7307, 0.63
7308, 0.59
7309, 0.37
7310, 0.28
7311, 0.18
7312, 0.71
7313, 0.28
7314, 0.51
7315, 0.22
7316, 0.56
7317, 0.60
7318, 0.56
7319, 0.74
7320, 0.19
7321, 0.78
7322, 0.75
7323, 0.19
7324, 0.79
7325, 0.59
7326, 0.43
7327, 0.45
7328, 0.26
7329, 0.54
7330, 0.40
7331, 0.36
7332, 0.38
7333, 0.61
7334, 0.40
7335, 0.54
7336, 0.37
7337, 0.25
7338, 0.49
7339, 0.21
7340, 0.27
7341, 0.30
7342, 0.84
7343, 0.80
7344, 0.38
7345, 0.25
7346, 0.72
7347, 0.66
7348, 0.44
7349, 0.84
7350, 0.19
7351, 0.83
7352, 0.55
7353, 0.53
7354, 0.82
7355, 0.85
7356, 0.64
7357, 0.75
7358, 0.23
7359, 0.80
7360, 0.76
7361, 0.73
7362, 0.82
7363, 0.63
7364, 0.22
7365, 0.31
7366, 0.76
7367, 0.53
7368, 0.76
7369, 0.33
7370, 0.59
7371, 0.20
7372, 0.38
7373, 0.83
7374, 0.57
7375, 0.64
7376, 0.85
7377, 0.66
7378, 0.82
7379, 0.37
7380, 0.78
7381, 0.56
7382, 0.22
7383, 0.35
7384, 0.67
7385, 0.18
7386, 0.56
7387, 0.28
7388, 0.28
7389, 0.85
7390, 0.78
7391, 0.42
7392, 0.25
7393, 0.45
7394, 0.51
7395, 0.82
7396, 0.34
7397, 0.42
7398, 0.20
7399, 0.28
7400, 0.25
7401, 0.72
7402, 0.48
7403, 0.23
7404, 0.50
7405, 0.71
7406, 0.83
7407, 0.74
7408, 0.71
7409, 0.30
7410, 0.33
7411, 0.18
7412, 0.60
7413, 0.27
7414, 0.47
7415, 0.52
7416, 0.22
7417, 0.84
7418, 0.21
7419, 0.46
7420, 0.85
7421, 0.32
