ID,Predicted
0, 0.51
1, 0.16
2, 0.51
3, 0.42
4, 0.98
5, 0.16
6, 0.51
7, 0.42
8, 0.42
9, 0.42
10, 0.42
11, 0.51
12, 0.27
13, 0.51
14, 0.97
15, 1.00
16, 0.97
17, 0.51
18, 0.42
19, 0.66
20, 0.42
21, 0.72
22, 0.51
23, 0.51
24, 0.42
25, 0.42
26, 0.51
27, 0.51
28, 0.42
29, 0.42
30, 0.51
31, 0.42
32, 0.42
33, 0.42
34, 0.66
35, 0.51
36, 0.42
37, 0.42
38, 0.51
39, 0.97
40, 0.42
41, 0.42
42, 0.42
43, 0.51
44, 0.97
45, 0.42
46, 0.42
47, 0.16
48, 0.51
49, 0.66
50, 0.16
51, 0.16
52, 0.16
53, 0.51
54, 0.42
55, 0.51
56, 0.51
57, 0.42
58, 0.42
59, 0.42
60, 0.51
61, 0.66
62, 0.16
63, 0.72
64, 0.97
65, 0.42
66, 0.66
67, 0.42
68, 0.16
69, 0.42
70, 0.51
71, 0.97
72, 0.97
73, 0.42
74, 0.16
75, 0.40
76, 0.51
77, 0.42
78, 0.42
79, 0.16
80, 0.42
81, 0.43
82, 0.43
83, 0.97
84, 0.84
85, 0.94
86, 0.66
87, 0.42
88, 0.27
89, 0.97
90, 0.42
91, 0.97
92, 0.42
93, 0.43
94, 0.97
95, 0.42
96, 0.42
97, 0.42
98, 1.00
99, 0.42
100, 0.51
101, 0.42
102, 0.16
103, 0.66
104, 0.51
105, 0.66
106, 0.51
107, 0.51
108, 0.42
109, 0.66
110, 0.16
111, 0.42
112, 0.42
113, 0.42
114, 0.51
115, 0.51
116, 0.51
117, 0.42
118, 0.16
119, 0.66
120, 0.16
121, 0.72
122, 0.43
123, 0.51
124, 0.51
125, 0.16
126, 0.66
127, 0.51
128, 0.42
129, 0.85
130, 0.16
131, 0.94
132, 0.16
133, 0.66
134, 0.42
135, 0.42
136, 0.16
137, 0.42
138, 0.42
139, 0.66
140, 0.42
141, 0.42
142, 0.42
143, 1.00
144, 0.97
145, 0.51
146, 0.42
147, 0.42
148, 0.42
149, 0.42
150, 0.42
151, 1.00
152, 0.16
153, 0.42
154, 0.51
155, 0.66
156, 0.16
157, 0.51
158, 0.42
159, 0.42
160, 0.43
161, 0.42
162, 0.42
163, 0.16
164, 0.51
165, 0.27
166, 0.02
167, 0.51
168, 0.97
169, 0.42
170, 0.51
171, 0.42
172, 0.42
173, 0.66
174, 0.51
175, 0.51
176, 0.51
177, 0.16
178, 0.51
179, 0.42
180, 0.42
181, 0.42
182, 0.97
183, 0.51
184, 0.42
185, 0.42
186, 0.42
187, 0.42
188, 0.51
189, 0.42
190, 0.51
191, 0.51
192, 0.42
193, 0.42
194, 0.42
195, 0.16
196, 0.51
197, 0.51
198, 0.16
199, 0.16
200, 0.51
201, 0.51
202, 0.51
203, 0.51
204, 0.66
205, 0.42
206, 0.16
207, 0.42
208, 1.00
209, 0.42
210, 0.42
211, 0.42
212, 0.42
213, 0.51
214, 0.42
215, 0.42
216, 0.51
217, 0.51
218, 0.42
219, 0.02
220, 0.16
221, 0.42
222, 0.16
223, 0.16
224, 0.42
225, 0.42
226, 0.42
227, 0.97
228, 0.51
229, 0.42
230, 0.16
231, 0.16
232, 0.42
233, 0.51
234, 0.16
235, 0.16
236, 0.42
237, 0.16
238, 0.51
239, 0.42
240, 0.42
241, 0.51
242, 0.16
243, 0.16
244, 0.42
245, 0.51
246, 0.66
247, 0.66
248, 0.42
249, 0.16
250, 0.97
251, 0.42
252, 0.51
253, 0.02
254, 0.42
255, 0.51
256, 0.42
257, 0.42
258, 0.51
259, 0.42
260, 0.02
261, 0.16
262, 0.16
263, 1.00
264, 0.42
265, 0.42
266, 0.42
267, 0.51
268, 0.42
269, 0.42
270, 0.51
271, 0.40
272, 0.43
273, 0.51
274, 0.66
275, 0.66
276, 0.66
277, 0.16
278, 0.65
279, 0.51
280, 0.97
281, 0.66
282, 0.97
283, 0.42
284, 0.51
285, 0.66
286, 0.42
287, 0.51
288, 0.97
289, 0.42
290, 0.42
291, 0.51
292, 0.97
293, 0.42
294, 0.16
295, 0.88
296, 0.16
297, 0.51
298, 0.02
299, 0.51
300, 0.42
301, 0.66
302, 0.42
303, 0.51
304, 0.42
305, 0.66
306, 0.51
307, 0.66
308, 0.66
309, 0.42
310, 0.51
311, 0.16
312, 0.97
313, 0.51
314, 0.42
315, 0.42
316, 0.42
317, 0.66
318, 0.42
319, 0.02
320, 0.51
321, 1.00
322, 0.16
323, 0.16
324, 0.66
325, 0.97
326, 0.51
327, 0.42
328, 0.51
329, 0.42
330, 0.16
331, 0.42
332, 0.16
333, 0.16
334, 0.97
335, 0.51
336, 0.42
337, 0.42
338, 0.42
339, 0.51
340, 0.51
341, 0.51
342, 0.42
343, 0.16
344, 1.00
345, 0.51
346, 0.16
347, 0.42
348, 0.66
349, 0.66
350, 0.94
351, 0.42
352, 0.51
353, 0.66
354, 0.42
355, 0.42
356, 0.42
357, 0.16
358, 0.42
359, 0.42
360, 0.66
361, 0.42
362, 0.43
363, 0.66
364, 0.51
365, 0.42
366, 0.51
367, 0.72
368, 0.43
369, 0.16
370, 0.51
371, 0.85
372, 0.66
373, 0.98
374, 0.72
375, 0.66
376, 0.42
377, 0.42
378, 0.42
379, 0.51
380, 0.42
381, 0.16
382, 0.16
383, 0.42
384, 0.51
385, 0.51
386, 0.16
387, 0.42
388, 0.40
389, 0.02
390, 0.97
391, 0.42
392, 0.51
393, 0.51
394, 0.42
395, 0.42
396, 0.66
397, 0.16
398, 0.42
399, 0.94
400, 0.42
401, 0.66
402, 0.51
403, 0.42
404, 0.42
405, 0.51
406, 0.16
407, 0.43
408, 0.42
409, 0.51
410, 0.16
411, 0.40
412, 0.42
413, 0.51
414, 0.16
415, 0.51
416, 0.42
417, 1.00
418, 0.42
419, 0.66
420, 0.51
421, 0.66
422, 0.51
423, 0.40
424, 1.00
425, 0.51
426, 0.42
427, 0.66
428, 0.97
429, 0.16
430, 0.51
431, 0.40
432, 0.42
433, 0.16
434, 0.97
435, 0.51
436, 0.43
437, 0.42
438, 0.51
439, 0.16
440, 0.97
441, 0.42
442, 0.42
443, 0.51
444, 0.42
445, 0.51
446, 0.42
447, 0.16
448, 0.42
449, 0.72
450, 0.66
451, 0.16
452, 0.66
453, 0.45
454, 0.42
455, 0.42
456, 0.42
457, 0.42
458, 0.51
459, 0.42
460, 0.66
461, 0.42
462, 0.42
463, 0.97
464, 0.72
465, 0.27
466, 0.51
467, 0.66
468, 1.00
469, 0.51
470, 0.51
471, 0.51
472, 0.42
473, 0.51
474, 0.97
475, 0.40
476, 1.00
477, 0.42
478, 0.16
479, 0.42
480, 0.43
481, 0.72
482, 1.00
483, 0.42
484, 0.16
485, 0.66
486, 0.42
487, 1.00
488, 0.42
489, 0.51
490, 0.42
491, 0.16
492, 0.51
493, 0.42
494, 0.42
495, 0.42
496, 0.42
497, 0.51
498, 0.85
499, 0.66
500, 0.94
501, 0.42
502, 0.02
503, 0.51
504, 0.43
505, 0.97
506, 0.51
507, 1.00
508, 0.51
509, 0.42
510, 0.51
511, 0.42
512, 0.42
513, 0.42
514, 0.42
515, 0.51
516, 0.42
517, 0.94
518, 0.42
519, 0.42
520, 0.16
521, 0.42
522, 0.16
523, 0.42
524, 0.43
525, 0.42
526, 0.42
527, 0.51
528, 0.42
529, 0.42
530, 0.42
531, 0.42
532, 0.51
533, 0.51
534, 0.42
535, 0.51
536, 0.42
537, 0.42
538, 0.88
539, 0.16
540, 0.97
541, 0.42
542, 0.42
543, 0.97
544, 0.42
545, 0.42
546, 1.00
547, 0.51
548, 0.42
549, 0.42
550, 0.42
551, 0.51
552, 1.00
553, 0.16
554, 0.51
555, 0.42
556, 0.16
557, 0.97
558, 0.51
559, 0.42
560, 0.42
561, 0.51
562, 0.42
563, 0.97
564, 0.42
565, 0.94
566, 0.51
567, 0.97
568, 0.66
569, 0.97
570, 0.42
571, 0.27
572, 0.42
573, 0.16
574, 0.42
575, 0.51
576, 0.66
577, 0.98
578, 0.42
579, 0.84
580, 0.42
581, 0.51
582, 0.42
583, 0.42
584, 0.51
585, 0.42
586, 0.16
587, 0.42
588, 0.16
589, 0.42
590, 0.51
591, 0.66
592, 0.42
593, 0.97
594, 0.42
595, 0.97
596, 0.42
597, 0.42
598, 0.42
599, 0.51
600, 0.66
601, 0.97
602, 0.42
603, 0.42
604, 0.66
605, 0.16
606, 0.42
607, 0.16
608, 0.97
609, 0.45
610, 0.51
611, 0.42
612, 0.42
613, 0.51
614, 0.51
615, 0.51
616, 0.51
617, 0.42
618, 0.42
619, 0.16
620, 0.42
621, 0.42
622, 0.51
623, 0.42
624, 0.42
625, 0.42
626, 0.51
627, 1.00
628, 0.42
629, 0.51
630, 0.42
631, 0.42
632, 0.16
633, 0.42
634, 0.97
635, 0.51
636, 0.97
637, 0.42
638, 0.42
639, 0.51
640, 0.66
641, 0.42
642, 0.42
643, 0.51
644, 0.66
645, 0.42
646, 0.42
647, 0.51
648, 1.00
649, 0.42
650, 0.51
651, 0.42
652, 0.42
653, 0.66
654, 0.97
655, 0.42
656, 0.42
657, 0.42
658, 0.16
659, 0.43
660, 1.00
661, 0.42
662, 0.51
663, 0.42
664, 0.42
665, 0.42
666, 0.51
667, 0.97
668, 0.51
669, 0.97
670, 0.66
671, 0.51
672, 0.97
673, 0.66
674, 0.42
675, 0.97
676, 0.16
677, 0.16
678, 0.16
679, 0.51
680, 1.00
681, 0.97
682, 0.42
683, 0.42
684, 0.51
685, 0.42
686, 0.42
687, 0.51
688, 0.42
689, 0.16
690, 0.42
691, 0.40
692, 0.51
693, 0.42
694, 0.66
695, 0.51
696, 0.51
697, 0.51
698, 0.42
699, 0.51
700, 0.43
701, 0.42
702, 0.42
703, 0.51
704, 0.42
705, 0.42
706, 0.42
707, 0.16
708, 0.42
709, 0.16
710, 0.97
711, 0.51
712, 0.51
713, 0.51
714, 0.51
715, 0.42
716, 0.16
717, 0.42
718, 0.42
719, 0.42
720, 0.16
721, 0.66
722, 0.16
723, 0.42
724, 0.42
725, 0.42
726, 0.51
727, 0.51
728, 0.51
729, 0.42
730, 0.42
731, 0.16
732, 0.51
733, 1.00
734, 0.16
735, 0.51
736, 0.42
737, 0.16
738, 0.51
739, 0.42
740, 0.51
741, 0.16
742, 0.51
743, 0.42
744, 0.97
745, 0.42
746, 0.42
747, 0.51
748, 0.16
749, 0.98
750, 0.42
751, 0.42
752, 0.43
753, 0.97
754, 0.51
755, 0.51
756, 0.43
757, 0.51
758, 0.16
759, 0.42
760, 0.16
761, 0.66
762, 0.42
763, 0.42
764, 0.42
765, 0.16
766, 0.42
767, 0.42
768, 0.16
769, 0.42
770, 0.66
771, 0.51
772, 0.51
773, 0.51
774, 0.51
775, 0.43
776, 0.51
777, 0.42
778, 0.66
779, 0.42
780, 0.51
781, 0.66
782, 0.42
783, 0.42
784, 0.51
785, 0.43
786, 0.42
787, 0.42
788, 0.97
789, 0.16
790, 0.16
791, 0.51
792, 0.51
793, 0.16
794, 0.51
795, 0.84
796, 0.02
797, 0.51
798, 0.43
799, 0.97
800, 0.42
801, 0.66
802, 0.51
803, 0.97
804, 0.51
805, 0.51
806, 0.45
807, 0.42
808, 0.16
809, 0.16
810, 0.51
811, 0.66
812, 0.97
813, 0.16
814, 0.51
815, 0.51
816, 0.65
817, 0.42
818, 0.16
819, 0.42
820, 0.42
821, 0.16
822, 0.98
823, 0.42
824, 0.42
825, 0.16
826, 0.42
827, 0.51
828, 1.00
829, 0.42
830, 0.16
831, 0.43
832, 0.42
833, 0.42
834, 0.51
835, 0.51
836, 0.66
837, 0.42
838, 0.51
839, 0.42
840, 0.02
841, 0.51
842, 0.51
843, 0.42
844, 0.42
845, 0.51
846, 0.51
847, 0.16
848, 0.42
849, 0.51
850, 0.02
851, 0.42
852, 0.16
853, 0.66
854, 0.51
855, 1.00
856, 0.51
857, 0.42
858, 0.51
859, 0.66
860, 0.51
861, 0.45
862, 0.42
863, 0.51
864, 0.51
865, 0.42
866, 0.42
867, 0.16
868, 0.42
869, 0.51
870, 0.02
871, 0.51
872, 1.00
873, 0.97
874, 0.16
875, 0.16
876, 0.42
877, 0.51
878, 0.42
879, 0.42
880, 0.51
881, 0.42
882, 0.42
883, 0.66
884, 0.42
885, 0.51
886, 0.97
887, 0.42
888, 0.51
889, 0.42
890, 0.94
891, 0.51
892, 0.51
893, 0.42
894, 0.97
895, 0.42
896, 0.42
897, 0.66
898, 0.45
899, 0.02
900, 0.42
901, 0.42
902, 0.66
903, 0.51
904, 0.97
905, 1.00
906, 0.42
907, 0.42
908, 0.16
909, 0.51
910, 0.97
911, 0.42
912, 0.42
913, 0.42
914, 0.42
915, 0.42
916, 0.51
917, 0.97
918, 0.84
919, 0.42
920, 0.51
921, 0.42
922, 0.84
923, 0.51
924, 0.43
925, 0.42
926, 0.42
927, 0.97
928, 0.16
929, 0.97
930, 0.42
931, 0.42
932, 0.42
933, 0.42
934, 0.51
935, 0.42
936, 0.51
937, 0.42
938, 0.42
939, 0.42
940, 0.42
941, 0.16
942, 0.42
943, 0.42
944, 0.42
945, 0.42
946, 0.43
947, 0.97
948, 0.02
949, 0.16
950, 0.42
951, 0.40
952, 0.42
953, 0.51
954, 0.42
955, 0.42
956, 0.42
957, 0.42
958, 0.42
959, 0.16
960, 0.42
961, 0.66
962, 0.42
963, 0.72
964, 0.51
965, 0.42
966, 0.42
967, 0.40
968, 0.42
969, 0.51
970, 0.42
971, 0.16
972, 0.42
973, 0.16
974, 0.42
975, 0.42
976, 0.51
977, 0.42
978, 0.51
979, 0.42
980, 0.42
981, 0.42
982, 0.42
983, 0.42
984, 0.42
985, 0.42
986, 0.16
987, 0.42
988, 0.51
989, 0.51
990, 0.16
991, 0.02
992, 0.42
993, 0.42
994, 0.16
995, 0.42
996, 0.51
997, 0.51
998, 0.42
999, 0.42
1000, 0.51
1001, 0.51
1002, 0.42
1003, 0.42
1004, 1.00
1005, 0.16
1006, 0.42
1007, 0.97
1008, 0.51
1009, 0.42
1010, 0.42
1011, 0.42
1012, 0.66
1013, 0.42
1014, 0.16
1015, 0.51
1016, 0.66
1017, 0.42
1018, 0.51
1019, 0.51
1020, 0.16
1021, 0.51
1022, 0.51
1023, 0.42
1024, 0.42
1025, 0.51
1026, 1.00
1027, 0.42
1028, 1.00
1029, 0.42
1030, 0.16
1031, 0.97
1032, 0.42
1033, 0.51
1034, 0.42
1035, 0.98
1036, 0.42
1037, 0.42
1038, 0.51
1039, 0.51
1040, 0.42
1041, 0.42
1042, 1.00
1043, 0.42
1044, 0.42
1045, 0.42
1046, 0.42
1047, 0.51
1048, 0.42
1049, 0.42
1050, 0.42
1051, 0.94
1052, 0.51
1053, 0.42
1054, 0.16
1055, 0.97
1056, 0.02
1057, 0.42
1058, 0.42
1059, 0.42
1060, 0.43
1061, 0.42
1062, 0.42
1063, 0.42
1064, 0.97
1065, 0.42
1066, 1.00
1067, 0.42
1068, 0.16
1069, 0.66
1070, 0.40
1071, 0.43
1072, 0.42
1073, 0.42
1074, 0.16
1075, 0.16
1076, 0.51
1077, 0.42
1078, 0.16
1079, 0.16
1080, 0.16
1081, 0.51
1082, 0.51
1083, 0.97
1084, 0.66
1085, 0.66
1086, 0.42
1087, 0.51
1088, 0.51
1089, 0.66
1090, 0.51
1091, 0.42
1092, 0.16
1093, 0.42
1094, 0.42
1095, 0.42
1096, 0.42
1097, 0.42
1098, 0.66
1099, 0.42
1100, 0.42
1101, 0.42
1102, 0.51
1103, 0.42
1104, 0.51
1105, 0.42
1106, 0.42
1107, 0.42
1108, 0.51
1109, 0.16
1110, 0.51
1111, 0.42
1112, 0.43
1113, 0.42
1114, 0.97
1115, 0.66
1116, 0.66
1117, 0.42
1118, 0.65
1119, 0.66
1120, 0.97
1121, 0.42
1122, 0.27
1123, 0.94
1124, 0.97
1125, 0.16
1126, 0.42
1127, 0.42
1128, 0.66
1129, 0.02
1130, 0.51
1131, 0.42
1132, 0.51
1133, 0.42
1134, 0.42
1135, 0.42
1136, 0.42
1137, 0.66
1138, 0.42
1139, 0.42
1140, 0.97
1141, 0.16
1142, 0.16
1143, 0.51
1144, 0.51
1145, 0.66
1146, 0.66
1147, 0.16
1148, 0.97
1149, 0.97
1150, 0.51
1151, 0.42
1152, 0.97
1153, 0.16
1154, 0.16
1155, 0.16
1156, 0.16
1157, 0.42
1158, 0.42
1159, 0.40
1160, 0.51
1161, 0.43
1162, 0.42
1163, 0.42
1164, 0.43
1165, 1.00
1166, 0.42
1167, 0.42
1168, 0.51
1169, 0.42
1170, 0.42
1171, 0.51
1172, 0.97
1173, 0.43
1174, 0.97
1175, 0.51
1176, 0.42
1177, 0.42
1178, 0.42
1179, 0.51
1180, 0.51
1181, 0.51
1182, 0.42
1183, 0.51
1184, 0.98
1185, 0.42
1186, 0.97
1187, 0.42
1188, 0.51
1189, 0.51
1190, 0.51
1191, 1.00
1192, 0.42
1193, 0.51
1194, 0.51
1195, 0.51
1196, 0.42
1197, 0.42
1198, 0.66
1199, 0.97
1200, 0.42
1201, 0.42
1202, 0.51
1203, 1.00
1204, 0.42
1205, 0.42
1206, 0.43
1207, 0.66
1208, 0.42
1209, 0.42
1210, 0.42
1211, 0.66
1212, 0.43
1213, 0.42
1214, 0.42
1215, 0.42
1216, 0.51
1217, 0.42
1218, 0.51
1219, 0.42
1220, 0.16
1221, 0.97
1222, 0.42
1223, 0.42
1224, 0.42
1225, 0.42
1226, 0.42
1227, 0.16
1228, 0.51
1229, 0.42
1230, 0.66
1231, 0.51
1232, 0.66
1233, 0.16
1234, 0.43
1235, 0.42
1236, 0.42
1237, 0.42
1238, 0.42
1239, 0.16
1240, 0.42
1241, 0.16
1242, 0.42
1243, 0.51
1244, 0.45
1245, 0.42
1246, 0.42
1247, 0.16
1248, 0.42
1249, 0.43
1250, 0.51
1251, 0.40
1252, 0.51
1253, 0.51
1254, 0.51
1255, 0.42
1256, 0.97
1257, 0.72
1258, 0.51
1259, 0.42
1260, 0.51
1261, 0.51
1262, 0.66
1263, 0.40
1264, 0.42
1265, 0.42
1266, 0.51
1267, 0.42
1268, 0.51
1269, 0.51
1270, 0.16
1271, 0.51
1272, 0.40
1273, 0.97
1274, 0.42
1275, 0.51
1276, 0.42
1277, 0.42
1278, 0.51
1279, 1.00
1280, 0.42
1281, 0.51
1282, 0.42
1283, 0.51
1284, 0.42
1285, 0.97
1286, 0.72
1287, 0.66
1288, 0.42
1289, 0.42
1290, 0.51
1291, 1.00
1292, 0.51
1293, 0.97
1294, 0.43
1295, 0.43
1296, 0.42
1297, 0.51
1298, 0.42
1299, 0.40
1300, 0.42
1301, 0.66
1302, 0.16
1303, 0.42
1304, 0.42
1305, 0.66
1306, 0.97
1307, 0.42
1308, 0.51
1309, 0.42
1310, 0.42
1311, 0.42
1312, 0.16
1313, 0.51
1314, 0.02
1315, 0.97
1316, 0.42
1317, 0.16
1318, 0.42
1319, 0.66
1320, 0.66
1321, 0.42
1322, 0.16
1323, 0.66
1324, 0.42
1325, 0.42
1326, 0.42
1327, 0.42
1328, 0.97
1329, 0.98
1330, 0.51
1331, 0.51
1332, 0.97
1333, 0.42
1334, 0.51
1335, 0.51
1336, 0.51
1337, 0.42
1338, 0.42
1339, 1.00
1340, 0.42
1341, 0.16
1342, 0.42
1343, 0.43
1344, 0.42
1345, 0.97
1346, 0.42
1347, 0.42
1348, 0.16
1349, 0.42
1350, 0.51
1351, 0.02
1352, 0.16
1353, 0.42
1354, 0.66
1355, 0.42
1356, 0.51
1357, 0.51
1358, 0.66
1359, 0.42
1360, 0.51
1361, 0.51
1362, 1.00
1363, 0.51
1364, 0.42
1365, 0.51
1366, 0.42
1367, 0.72
1368, 0.40
1369, 0.51
1370, 0.97
1371, 0.42
1372, 0.42
1373, 0.16
1374, 0.16
1375, 0.97
1376, 0.51
1377, 0.02
1378, 0.51
1379, 0.42
1380, 0.42
1381, 0.51
1382, 0.42
1383, 0.42
1384, 0.42
1385, 0.66
1386, 0.42
1387, 0.42
1388, 0.85
1389, 0.42
1390, 0.43
1391, 0.98
1392, 0.66
1393, 0.42
1394, 0.97
1395, 0.51
1396, 0.51
1397, 0.16
1398, 0.42
1399, 0.85
1400, 0.42
1401, 0.51
1402, 0.42
1403, 0.02
1404, 0.02
1405, 0.16
1406, 0.42
1407, 0.66
1408, 0.42
1409, 0.51
1410, 0.97
1411, 0.42
1412, 1.00
1413, 0.51
1414, 0.51
1415, 0.16
1416, 0.42
1417, 0.42
1418, 0.42
1419, 0.42
1420, 0.51
1421, 0.42
1422, 0.42
1423, 0.42
1424, 0.51
1425, 0.51
1426, 0.42
1427, 0.51
1428, 0.51
1429, 0.16
1430, 0.42
1431, 0.42
1432, 0.42
1433, 0.42
1434, 0.51
1435, 0.16
1436, 0.42
1437, 0.51
1438, 0.16
1439, 0.66
1440, 0.51
1441, 0.42
1442, 0.51
1443, 0.42
1444, 0.51
1445, 0.42
1446, 0.16
1447, 0.02
1448, 0.16
1449, 0.16
1450, 0.42
1451, 0.66
1452, 1.00
1453, 0.97
1454, 0.16
1455, 0.42
1456, 0.42
1457, 0.42
1458, 0.16
1459, 0.42
1460, 0.42
1461, 0.02
1462, 0.42
1463, 0.16
1464, 0.42
1465, 0.16
1466, 0.94
1467, 0.51
1468, 0.51
1469, 0.51
1470, 0.42
1471, 0.42
1472, 0.16
1473, 0.16
1474, 0.51
1475, 1.00
1476, 0.66
1477, 0.51
1478, 0.16
1479, 0.51
1480, 0.85
1481, 0.51
1482, 0.51
1483, 0.51
1484, 0.42
1485, 0.51
1486, 0.66
1487, 0.97
1488, 0.16
1489, 0.51
1490, 0.16
1491, 0.42
1492, 0.66
1493, 0.51
1494, 0.66
1495, 1.00
1496, 0.42
1497, 0.66
1498, 0.16
1499, 0.45
1500, 0.45
1501, 0.42
1502, 0.42
1503, 0.40
1504, 0.40
1505, 0.65
1506, 0.42
1507, 0.43
1508, 0.51
1509, 0.42
1510, 0.51
1511, 0.42
1512, 0.42
1513, 0.51
1514, 0.16
1515, 0.51
1516, 0.51
1517, 0.84
1518, 0.51
1519, 0.16
1520, 0.16
1521, 0.16
1522, 0.43
1523, 0.16
1524, 0.51
1525, 0.51
1526, 0.16
1527, 0.16
1528, 0.51
1529, 0.51
1530, 0.42
1531, 1.00
1532, 0.40
1533, 0.66
1534, 0.42
1535, 0.66
1536, 0.42
1537, 0.98
1538, 1.00
1539, 0.42
1540, 0.51
1541, 1.00
1542, 0.51
1543, 0.42
1544, 0.51
1545, 0.66
1546, 0.51
1547, 0.42
1548, 0.42
1549, 0.51
1550, 0.16
1551, 0.42
1552, 0.42
1553, 0.42
1554, 0.42
1555, 0.16
1556, 0.16
1557, 1.00
1558, 0.42
1559, 0.66
1560, 0.97
1561, 0.42
1562, 0.16
1563, 0.16
1564, 0.72
1565, 0.97
1566, 0.51
1567, 0.51
1568, 0.51
1569, 0.97
1570, 0.42
1571, 0.97
1572, 1.00
1573, 0.16
1574, 0.16
1575, 0.42
1576, 1.00
1577, 1.00
1578, 1.00
1579, 0.42
1580, 0.16
1581, 0.42
1582, 0.42
1583, 0.51
1584, 0.16
1585, 0.42
1586, 0.16
1587, 0.51
1588, 0.51
1589, 0.72
1590, 0.51
1591, 0.72
1592, 0.42
1593, 0.51
1594, 0.51
1595, 0.16
1596, 0.51
1597, 0.51
1598, 0.96
1599, 0.66
1600, 0.02
1601, 0.42
1602, 0.51
1603, 0.42
1604, 0.42
1605, 0.02
1606, 0.43
1607, 0.51
1608, 0.42
1609, 0.42
1610, 0.51
1611, 0.98
1612, 0.51
1613, 0.16
1614, 0.97
1615, 1.00
1616, 0.43
1617, 0.51
1618, 0.66
1619, 0.42
1620, 0.97
1621, 0.42
1622, 0.97
1623, 0.42
1624, 0.51
1625, 0.51
1626, 0.42
1627, 0.51
1628, 0.66
1629, 0.43
1630, 0.51
1631, 0.42
1632, 0.42
1633, 0.42
1634, 0.51
1635, 0.42
1636, 0.97
1637, 0.66
1638, 0.42
1639, 0.16
1640, 0.16
1641, 0.43
1642, 0.97
1643, 0.40
1644, 0.51
1645, 0.42
1646, 0.02
1647, 0.97
1648, 0.66
1649, 0.16
1650, 0.42
1651, 0.51
1652, 0.02
1653, 0.97
1654, 0.16
1655, 0.42
1656, 0.42
1657, 0.42
1658, 0.42
1659, 0.51
1660, 0.42
1661, 0.16
1662, 0.51
1663, 0.51
1664, 0.42
1665, 1.00
1666, 0.42
1667, 0.51
1668, 0.16
1669, 0.42
1670, 0.51
1671, 1.00
1672, 0.51
1673, 0.51
1674, 0.43
1675, 0.16
1676, 0.42
1677, 0.66
1678, 0.42
1679, 0.72
1680, 0.42
1681, 0.40
1682, 0.97
1683, 0.42
1684, 0.51
1685, 0.66
1686, 0.66
1687, 0.42
1688, 0.16
1689, 0.42
1690, 0.43
1691, 0.51
1692, 0.42
1693, 0.16
1694, 0.51
1695, 0.51
1696, 0.42
1697, 1.00
1698, 0.51
1699, 0.51
1700, 0.42
1701, 0.42
1702, 0.66
1703, 1.00
1704, 0.42
1705, 0.51
1706, 1.00
1707, 0.42
1708, 0.42
1709, 0.51
1710, 0.16
1711, 0.66
1712, 0.51
1713, 0.51
1714, 0.51
1715, 0.97
1716, 0.40
1717, 0.51
1718, 0.16
1719, 0.51
1720, 0.43
1721, 0.42
1722, 0.51
1723, 0.51
1724, 0.42
1725, 0.43
1726, 0.72
1727, 0.42
1728, 0.42
1729, 0.97
1730, 0.42
1731, 0.42
1732, 0.42
1733, 0.51
1734, 0.42
1735, 0.51
1736, 0.43
1737, 0.16
1738, 0.97
1739, 0.27
1740, 0.97
1741, 0.51
1742, 0.27
1743, 0.16
1744, 0.42
1745, 0.42
1746, 0.42
1747, 0.51
1748, 0.51
1749, 0.51
1750, 0.51
1751, 0.42
1752, 0.51
1753, 0.66
1754, 0.97
1755, 0.43
1756, 0.42
1757, 0.97
1758, 0.42
1759, 0.51
1760, 0.42
1761, 0.66
1762, 0.42
1763, 0.51
1764, 0.43
1765, 0.66
1766, 0.51
1767, 0.97
1768, 0.51
1769, 0.51
1770, 0.42
1771, 0.42
1772, 0.42
1773, 0.42
1774, 0.42
1775, 0.42
1776, 0.42
1777, 0.42
1778, 0.51
1779, 0.42
1780, 0.97
1781, 0.51
1782, 0.42
1783, 0.51
1784, 0.16
1785, 0.42
1786, 0.51
1787, 1.00
1788, 0.42
1789, 0.42
1790, 0.42
1791, 0.16
1792, 0.51
1793, 0.42
1794, 0.42
1795, 0.16
1796, 0.02
1797, 0.51
1798, 0.16
1799, 0.42
1800, 0.97
1801, 0.42
1802, 0.51
1803, 0.43
1804, 0.42
1805, 0.51
1806, 1.00
1807, 0.42
1808, 0.51
1809, 0.42
1810, 0.42
1811, 0.51
1812, 0.88
1813, 0.66
1814, 0.42
1815, 0.51
1816, 0.42
1817, 0.51
1818, 0.51
1819, 0.42
1820, 0.51
1821, 0.51
1822, 0.40
1823, 0.02
1824, 0.42
1825, 0.42
1826, 0.51
1827, 0.45
1828, 0.16
1829, 0.42
1830, 0.51
1831, 0.42
1832, 0.16
1833, 0.97
1834, 0.42
1835, 0.16
1836, 0.42
1837, 0.42
1838, 0.42
1839, 0.16
1840, 0.42
1841, 0.42
1842, 0.42
1843, 0.16
1844, 0.42
1845, 0.42
1846, 0.98
1847, 0.16
1848, 0.42
1849, 0.42
1850, 0.51
1851, 0.51
1852, 0.51
1853, 0.51
1854, 0.51
1855, 0.42
1856, 0.51
1857, 0.42
1858, 0.42
1859, 0.42
1860, 0.16
1861, 0.42
1862, 0.72
1863, 0.16
1864, 0.42
1865, 0.51
1866, 0.51
1867, 0.42
1868, 0.42
1869, 0.42
1870, 0.16
1871, 0.42
1872, 0.51
1873, 0.42
1874, 0.42
1875, 0.66
1876, 1.00
1877, 0.42
1878, 0.42
1879, 0.40
1880, 1.00
1881, 0.72
1882, 0.51
1883, 0.16
1884, 0.42
1885, 0.16
1886, 0.51
1887, 0.16
1888, 0.42
1889, 0.42
1890, 0.66
1891, 0.51
1892, 0.97
1893, 0.51
1894, 0.16
1895, 0.66
1896, 0.51
1897, 0.42
1898, 0.42
1899, 0.72
1900, 0.51
1901, 0.51
1902, 0.97
1903, 0.40
1904, 0.42
1905, 0.66
1906, 0.42
1907, 0.97
1908, 0.51
1909, 0.51
1910, 0.42
1911, 0.42
1912, 0.72
1913, 0.42
1914, 0.43
1915, 0.42
1916, 0.51
1917, 0.42
1918, 0.51
1919, 0.97
1920, 0.42
1921, 0.97
1922, 0.66
1923, 0.51
1924, 0.97
1925, 0.42
1926, 0.51
1927, 0.42
1928, 0.51
1929, 0.51
1930, 0.16
1931, 0.42
1932, 0.16
1933, 0.51
1934, 0.51
1935, 0.42
1936, 0.42
1937, 0.66
1938, 0.51
1939, 0.42
1940, 0.42
1941, 0.42
1942, 0.42
1943, 0.51
1944, 1.00
1945, 0.51
1946, 0.42
1947, 0.16
1948, 0.42
1949, 0.72
1950, 0.42
1951, 0.42
1952, 0.51
1953, 0.94
1954, 0.51
1955, 0.42
1956, 0.51
1957, 0.42
1958, 0.51
1959, 0.66
1960, 0.16
1961, 1.00
1962, 0.66
1963, 0.51
1964, 0.66
1965, 0.42
1966, 0.42
1967, 0.66
1968, 0.16
1969, 0.43
1970, 0.97
1971, 0.51
1972, 1.00
1973, 0.42
1974, 0.42
1975, 0.51
1976, 0.42
1977, 0.66
1978, 0.42
1979, 0.51
1980, 0.51
1981, 0.42
1982, 0.51
1983, 0.51
1984, 0.42
1985, 0.42
1986, 1.00
1987, 0.42
1988, 0.42
1989, 0.51
1990, 0.51
1991, 0.42
1992, 0.66
1993, 0.43
1994, 0.51
1995, 0.66
1996, 0.42
1997, 0.42
1998, 0.66
1999, 0.42
2000, 0.42
2001, 0.16
2002, 0.42
2003, 0.42
2004, 1.00
2005, 0.72
2006, 0.51
2007, 0.66
2008, 0.51
2009, 0.42
2010, 0.97
2011, 0.42
2012, 0.51
2013, 0.42
2014, 0.66
2015, 0.40
2016, 0.42
2017, 0.42
2018, 0.43
2019, 0.51
2020, 0.42
2021, 0.42
2022, 0.51
2023, 0.16
2024, 0.42
2025, 0.42
2026, 0.51
2027, 0.98
2028, 0.42
2029, 0.97
2030, 0.16
2031, 0.51
2032, 0.42
2033, 0.42
2034, 0.42
2035, 0.42
2036, 0.42
2037, 0.42
2038, 0.51
2039, 0.51
2040, 0.16
2041, 0.42
2042, 0.42
2043, 0.51
2044, 0.51
2045, 0.42
2046, 0.85
2047, 0.16
2048, 0.42
2049, 0.51
2050, 0.42
2051, 0.02
2052, 0.42
2053, 0.51
2054, 0.42
2055, 0.42
2056, 0.42
2057, 0.42
2058, 0.51
2059, 0.66
2060, 0.42
2061, 0.42
2062, 0.42
2063, 0.51
2064, 0.51
2065, 1.00
2066, 0.16
2067, 0.51
2068, 0.42
2069, 0.02
2070, 0.42
2071, 0.51
2072, 0.16
2073, 0.66
2074, 0.51
2075, 0.42
2076, 0.42
2077, 0.42
2078, 0.42
2079, 0.51
2080, 0.51
2081, 0.72
2082, 0.51
2083, 0.42
2084, 0.51
2085, 0.42
2086, 0.42
2087, 1.00
2088, 0.42
2089, 0.42
2090, 0.42
2091, 0.51
2092, 0.66
2093, 0.51
2094, 0.51
2095, 0.51
2096, 0.42
2097, 0.16
2098, 0.16
2099, 0.42
2100, 0.42
2101, 0.42
2102, 0.42
2103, 0.51
2104, 0.16
2105, 0.98
2106, 0.40
2107, 1.00
2108, 0.42
2109, 0.66
2110, 0.40
2111, 0.42
2112, 0.16
2113, 0.42
2114, 0.16
2115, 1.00
2116, 0.16
2117, 0.51
2118, 0.16
2119, 0.43
2120, 0.42
2121, 0.51
2122, 0.51
2123, 0.51
2124, 0.96
2125, 0.42
2126, 0.42
2127, 0.51
2128, 0.51
2129, 0.42
2130, 0.51
2131, 0.42
2132, 0.42
2133, 0.97
2134, 0.97
2135, 0.51
2136, 0.43
2137, 0.97
2138, 0.42
2139, 0.51
2140, 0.45
2141, 1.00
2142, 0.66
2143, 0.65
2144, 0.42
2145, 0.51
2146, 0.42
2147, 0.51
2148, 0.66
2149, 0.02
2150, 0.16
2151, 0.42
2152, 0.42
2153, 0.42
2154, 0.97
2155, 0.40
2156, 0.42
2157, 0.42
2158, 0.42
2159, 0.51
2160, 0.42
2161, 0.66
2162, 0.43
2163, 0.16
2164, 0.42
2165, 0.51
2166, 0.85
2167, 0.51
2168, 0.97
2169, 0.42
2170, 0.42
2171, 0.42
2172, 0.42
2173, 0.51
2174, 0.16
2175, 0.51
2176, 0.51
2177, 0.51
2178, 0.42
2179, 0.42
2180, 0.51
2181, 0.42
2182, 0.97
2183, 0.51
2184, 0.43
2185, 0.42
2186, 0.51
2187, 0.16
2188, 0.42
2189, 0.42
2190, 0.16
2191, 0.16
2192, 0.42
2193, 1.00
2194, 0.42
2195, 0.42
2196, 0.94
2197, 0.16
2198, 0.51
2199, 0.51
2200, 0.42
2201, 0.42
2202, 0.97
2203, 0.97
2204, 0.66
2205, 0.16
2206, 0.16
2207, 0.42
2208, 0.16
2209, 0.42
2210, 0.97
2211, 0.16
2212, 0.51
2213, 0.42
2214, 0.16
2215, 0.42
2216, 0.16
2217, 0.97
2218, 0.51
2219, 0.51
2220, 0.51
2221, 0.42
2222, 0.42
2223, 0.66
2224, 0.16
2225, 0.42
2226, 0.66
2227, 0.51
2228, 0.42
2229, 0.42
2230, 0.42
2231, 0.42
2232, 0.97
2233, 0.51
2234, 0.42
2235, 0.51
2236, 0.42
2237, 0.42
2238, 0.42
2239, 0.51
2240, 0.42
2241, 0.42
2242, 0.51
2243, 0.97
2244, 0.02
2245, 0.40
2246, 0.42
2247, 0.16
2248, 0.16
2249, 0.16
2250, 0.97
2251, 0.42
2252, 0.51
2253, 0.51
2254, 0.16
2255, 0.97
2256, 0.16
2257, 0.42
2258, 0.42
2259, 0.16
2260, 0.97
2261, 0.97
2262, 0.66
2263, 0.42
2264, 0.16
2265, 0.16
2266, 0.51
2267, 0.02
2268, 0.97
2269, 0.98
2270, 0.16
2271, 0.42
2272, 0.66
2273, 0.42
2274, 0.16
2275, 0.97
2276, 0.42
2277, 0.51
2278, 0.42
2279, 0.16
2280, 0.66
2281, 0.84
2282, 0.43
2283, 0.51
2284, 0.51
2285, 0.42
2286, 0.42
2287, 0.16
2288, 0.42
2289, 0.66
2290, 0.97
2291, 0.51
2292, 0.97
2293, 0.97
2294, 0.42
2295, 0.40
2296, 0.66
2297, 0.42
2298, 0.51
2299, 0.16
2300, 1.00
2301, 0.42
2302, 0.16
2303, 0.51
2304, 0.43
2305, 0.42
2306, 0.42
2307, 0.66
2308, 0.51
2309, 0.51
2310, 0.51
2311, 0.42
2312, 0.51
2313, 0.51
2314, 0.51
2315, 0.42
2316, 0.85
2317, 0.98
2318, 0.66
2319, 0.51
2320, 0.51
2321, 0.40
2322, 0.16
2323, 0.42
2324, 0.42
2325, 0.42
2326, 0.42
2327, 0.42
2328, 0.51
2329, 0.02
2330, 0.42
2331, 0.42
2332, 0.51
2333, 0.97
2334, 0.51
2335, 0.42
2336, 0.97
2337, 0.51
2338, 0.51
2339, 0.42
2340, 0.42
2341, 0.42
2342, 0.02
2343, 0.72
2344, 0.42
2345, 0.42
2346, 0.51
2347, 0.51
2348, 0.16
2349, 0.42
2350, 0.42
2351, 1.00
2352, 0.42
2353, 0.16
2354, 0.66
2355, 0.51
2356, 0.16
2357, 1.00
2358, 0.42
2359, 0.16
2360, 0.42
2361, 1.00
2362, 0.42
2363, 0.97
2364, 0.51
2365, 0.66
2366, 0.42
2367, 0.16
2368, 0.42
2369, 0.51
2370, 0.42
2371, 0.42
2372, 0.66
2373, 0.42
2374, 0.42
2375, 0.42
2376, 0.66
2377, 0.42
2378, 0.51
2379, 0.51
2380, 0.51
2381, 0.02
2382, 0.51
2383, 0.51
2384, 0.42
2385, 0.97
2386, 0.51
2387, 1.00
2388, 0.42
2389, 0.97
2390, 0.42
2391, 0.42
2392, 0.97
2393, 0.42
2394, 0.16
2395, 0.51
2396, 0.42
2397, 0.42
2398, 1.00
2399, 0.42
2400, 0.51
2401, 0.42
2402, 0.42
2403, 0.42
2404, 0.45
2405, 0.51
2406, 0.51
2407, 0.02
2408, 0.97
2409, 0.16
2410, 0.51
2411, 0.51
2412, 0.98
2413, 0.42
2414, 0.42
2415, 0.51
2416, 0.42
2417, 0.66
2418, 0.42
2419, 0.97
2420, 0.66
2421, 0.97
2422, 0.51
2423, 0.42
2424, 0.40
2425, 0.42
2426, 0.66
2427, 0.42
2428, 0.84
2429, 0.42
2430, 0.42
2431, 0.51
2432, 0.94
2433, 0.72
2434, 0.42
2435, 0.42
2436, 0.16
2437, 0.42
2438, 0.42
2439, 0.42
2440, 0.42
2441, 0.16
2442, 0.43
2443, 0.51
2444, 0.42
2445, 0.42
2446, 0.16
2447, 0.42
2448, 0.42
2449, 0.51
2450, 0.42
2451, 0.51
2452, 0.42
2453, 0.42
2454, 0.42
2455, 0.42
2456, 0.97
2457, 0.66
2458, 0.42
2459, 0.51
2460, 0.72
2461, 0.97
2462, 0.42
2463, 0.97
2464, 0.40
2465, 0.51
2466, 0.42
2467, 0.98
2468, 0.42
2469, 0.16
2470, 0.51
2471, 0.42
2472, 0.16
2473, 0.51
2474, 0.42
2475, 0.42
2476, 0.66
2477, 0.42
2478, 0.16
2479, 1.00
2480, 0.66
2481, 0.42
2482, 0.97
2483, 0.42
2484, 0.66
2485, 0.16
2486, 0.51
2487, 0.51
2488, 0.42
2489, 0.42
2490, 0.42
2491, 0.42
2492, 0.51
2493, 0.51
2494, 0.51
2495, 0.42
2496, 0.42
2497, 0.51
2498, 0.97
2499, 0.42
2500, 0.42
2501, 0.42
2502, 0.16
2503, 0.16
2504, 0.42
2505, 0.66
2506, 0.42
2507, 0.51
2508, 0.42
2509, 0.16
2510, 0.42
2511, 0.42
2512, 0.51
2513, 1.00
2514, 1.00
2515, 0.51
2516, 0.97
2517, 0.16
2518, 0.42
2519, 0.02
2520, 0.42
2521, 0.51
2522, 0.66
2523, 0.42
2524, 0.42
2525, 0.51
2526, 0.16
2527, 0.51
2528, 0.43
2529, 0.66
2530, 0.51
2531, 0.42
2532, 0.51
2533, 0.51
2534, 0.42
2535, 0.16
2536, 0.42
2537, 0.66
2538, 0.42
2539, 0.43
2540, 0.42
2541, 0.97
2542, 0.16
2543, 0.42
2544, 0.42
2545, 0.42
2546, 0.16
2547, 0.42
2548, 0.51
2549, 0.42
2550, 0.97
2551, 0.42
2552, 0.66
2553, 0.97
2554, 0.42
2555, 0.51
2556, 0.16
2557, 0.51
2558, 0.51
2559, 0.51
2560, 0.42
2561, 0.02
2562, 0.97
2563, 0.72
2564, 0.42
2565, 0.42
2566, 0.42
2567, 0.42
2568, 0.42
2569, 1.00
2570, 0.42
2571, 0.16
2572, 0.42
2573, 0.97
2574, 0.42
2575, 0.42
2576, 0.88
2577, 0.16
2578, 0.42
2579, 0.42
2580, 0.42
2581, 0.42
2582, 0.42
2583, 0.51
2584, 0.42
2585, 0.51
2586, 0.51
2587, 0.51
2588, 0.16
2589, 0.42
2590, 0.42
2591, 0.42
2592, 0.40
2593, 0.42
2594, 0.42
2595, 0.66
2596, 0.42
2597, 0.51
2598, 0.42
2599, 0.42
2600, 0.42
2601, 0.51
2602, 0.42
2603, 0.42
2604, 0.51
2605, 0.51
2606, 0.98
2607, 0.42
2608, 0.42
2609, 0.51
2610, 0.16
2611, 0.42
2612, 0.51
2613, 0.66
2614, 0.16
2615, 0.51
2616, 0.51
2617, 0.97
2618, 0.51
2619, 0.16
2620, 0.66
2621, 0.42
2622, 0.72
2623, 0.42
2624, 0.42
2625, 0.43
2626, 1.00
2627, 0.97
2628, 0.98
2629, 0.42
2630, 0.42
2631, 0.51
2632, 0.43
2633, 0.97
2634, 0.43
2635, 0.42
2636, 0.51
2637, 0.16
2638, 0.16
2639, 0.42
2640, 0.42
2641, 0.42
2642, 0.42
2643, 0.42
2644, 0.51
2645, 0.51
2646, 0.16
2647, 0.42
2648, 0.42
2649, 0.42
2650, 0.51
2651, 0.51
2652, 0.42
2653, 0.16
2654, 0.66
2655, 0.51
2656, 0.40
2657, 0.97
2658, 0.51
2659, 0.16
2660, 0.51
2661, 0.42
2662, 0.97
2663, 0.51
2664, 0.42
2665, 0.42
2666, 0.42
2667, 0.51
2668, 0.51
2669, 0.02
2670, 0.51
2671, 0.97
2672, 0.42
2673, 0.66
2674, 0.51
2675, 0.16
2676, 0.51
2677, 0.42
2678, 0.98
2679, 0.42
2680, 0.42
2681, 0.97
2682, 0.66
2683, 0.97
2684, 0.42
2685, 0.16
2686, 0.66
2687, 0.51
2688, 0.42
2689, 0.42
2690, 0.42
2691, 0.43
2692, 0.42
2693, 0.16
2694, 0.42
2695, 0.42
2696, 0.42
2697, 0.42
2698, 0.51
2699, 0.51
2700, 0.42
2701, 0.42
2702, 0.42
2703, 0.42
2704, 0.42
2705, 0.51
2706, 0.97
2707, 0.42
2708, 0.66
2709, 0.66
2710, 0.72
2711, 0.42
2712, 0.97
2713, 0.51
2714, 0.43
2715, 0.16
2716, 0.42
2717, 0.16
2718, 0.84
2719, 0.66
2720, 0.42
2721, 1.00
2722, 0.42
2723, 0.51
2724, 0.51
2725, 0.16
2726, 0.42
2727, 0.42
2728, 0.42
2729, 0.42
2730, 0.42
2731, 0.42
2732, 0.66
2733, 0.16
2734, 0.42
2735, 0.42
2736, 0.42
2737, 0.42
2738, 0.42
2739, 0.42
2740, 0.42
2741, 0.97
2742, 0.65
2743, 0.72
2744, 0.16
2745, 0.42
2746, 0.42
2747, 0.66
2748, 0.51
2749, 0.51
2750, 0.51
2751, 0.42
2752, 0.16
2753, 0.66
2754, 0.72
2755, 0.97
2756, 0.16
2757, 0.51
2758, 0.97
2759, 0.42
2760, 0.42
2761, 0.16
2762, 0.42
2763, 0.42
2764, 0.42
2765, 0.98
2766, 0.51
2767, 0.40
2768, 0.42
2769, 0.51
2770, 0.42
2771, 0.40
2772, 0.42
2773, 0.51
2774, 0.43
2775, 0.16
2776, 0.97
2777, 0.97
2778, 0.43
2779, 0.16
2780, 0.51
2781, 0.66
2782, 0.16
2783, 0.51
2784, 0.97
2785, 0.42
2786, 0.97
2787, 0.51
2788, 0.16
2789, 0.40
2790, 0.42
2791, 0.42
2792, 0.97
2793, 0.51
2794, 0.42
2795, 0.42
2796, 0.43
2797, 0.51
2798, 0.66
2799, 0.51
2800, 0.16
2801, 0.16
2802, 0.42
2803, 0.51
2804, 0.16
2805, 0.40
2806, 0.16
2807, 0.51
2808, 0.51
2809, 0.42
2810, 0.43
2811, 0.02
2812, 0.42
2813, 0.42
2814, 0.42
2815, 0.96
2816, 0.42
2817, 0.16
2818, 0.42
2819, 0.51
2820, 0.97
2821, 0.42
2822, 0.66
2823, 0.16
2824, 0.51
2825, 0.16
2826, 1.00
2827, 0.45
2828, 0.42
2829, 0.42
2830, 0.42
2831, 0.51
2832, 0.42
2833, 0.42
2834, 1.00
2835, 0.42
2836, 0.16
2837, 0.72
2838, 0.42
2839, 0.66
2840, 0.42
2841, 0.45
2842, 0.42
2843, 0.42
2844, 0.51
2845, 0.40
2846, 0.42
2847, 0.42
2848, 0.66
2849, 0.66
2850, 0.42
2851, 0.43
2852, 0.16
2853, 0.66
2854, 0.42
2855, 0.51
2856, 0.16
2857, 0.72
2858, 0.42
2859, 0.42
2860, 0.42
2861, 0.51
2862, 0.42
2863, 0.66
2864, 0.51
2865, 0.43
2866, 0.51
2867, 0.42
2868, 0.66
2869, 0.42
2870, 0.42
2871, 0.16
2872, 0.42
2873, 0.42
2874, 0.42
2875, 0.42
2876, 0.02
2877, 0.42
2878, 0.66
2879, 0.51
2880, 0.97
2881, 0.51
2882, 0.97
2883, 0.97
2884, 1.00
2885, 0.42
2886, 0.42
2887, 0.51
2888, 0.42
2889, 0.51
2890, 0.42
2891, 0.51
2892, 0.43
2893, 0.51
2894, 0.51
2895, 0.51
2896, 0.97
2897, 0.16
2898, 0.97
2899, 0.42
2900, 0.42
2901, 0.42
2902, 0.97
2903, 0.97
2904, 0.16
2905, 0.51
2906, 0.51
2907, 0.51
2908, 0.66
2909, 0.16
2910, 1.00
2911, 0.42
2912, 0.42
2913, 0.51
2914, 0.51
2915, 1.00
2916, 0.66
2917, 0.16
2918, 0.51
2919, 0.42
2920, 0.42
2921, 1.00
2922, 0.42
2923, 0.51
2924, 0.40
2925, 0.42
2926, 0.51
2927, 0.51
2928, 0.42
2929, 0.42
2930, 0.51
2931, 0.42
2932, 0.42
2933, 0.42
2934, 0.51
2935, 0.42
2936, 0.42
2937, 0.51
2938, 0.97
2939, 0.16
2940, 0.66
2941, 0.51
2942, 0.51
2943, 0.42
2944, 0.51
2945, 0.16
2946, 0.66
2947, 0.42
2948, 0.97
2949, 0.97
2950, 0.16
2951, 0.51
2952, 0.51
2953, 0.42
2954, 1.00
2955, 0.42
2956, 0.42
2957, 1.00
2958, 0.42
2959, 0.16
2960, 0.51
2961, 0.42
2962, 0.42
2963, 0.42
2964, 0.51
2965, 0.42
2966, 0.42
2967, 0.42
2968, 0.16
2969, 0.51
2970, 0.16
2971, 0.51
2972, 0.16
2973, 0.97
2974, 0.42
2975, 0.16
2976, 0.66
2977, 0.27
2978, 0.42
2979, 0.16
2980, 0.42
2981, 0.51
2982, 0.51
2983, 0.42
2984, 0.42
2985, 0.98
2986, 0.51
2987, 0.16
2988, 0.51
2989, 0.42
2990, 0.42
2991, 0.51
2992, 0.97
2993, 0.42
2994, 0.42
2995, 0.42
2996, 0.42
2997, 0.66
2998, 0.42
2999, 0.66
3000, 0.16
3001, 0.42
3002, 0.42
3003, 0.97
3004, 0.97
3005, 0.27
3006, 0.42
3007, 0.51
3008, 0.42
3009, 0.42
3010, 0.51
3011, 0.51
3012, 0.51
3013, 0.51
3014, 0.42
3015, 0.42
3016, 0.42
3017, 0.66
3018, 0.42
3019, 0.42
3020, 0.42
3021, 0.66
3022, 0.51
3023, 0.42
3024, 0.51
3025, 0.42
3026, 0.51
3027, 0.42
3028, 0.42
3029, 0.42
3030, 0.42
3031, 0.97
3032, 0.51
3033, 0.43
3034, 0.43
3035, 0.51
3036, 0.51
3037, 0.51
3038, 0.42
3039, 0.66
3040, 0.66
3041, 0.02
3042, 0.42
3043, 0.42
3044, 0.51
3045, 0.66
3046, 0.66
3047, 0.02
3048, 0.51
3049, 0.42
3050, 0.16
3051, 0.51
3052, 0.43
3053, 0.42
3054, 0.02
3055, 0.51
3056, 0.42
3057, 0.42
3058, 0.66
3059, 0.42
3060, 0.42
3061, 0.51
3062, 0.51
3063, 0.42
3064, 0.16
3065, 0.42
3066, 0.42
3067, 0.51
3068, 0.51
3069, 0.42
3070, 0.51
3071, 0.51
3072, 0.66
3073, 0.42
3074, 0.51
3075, 0.42
3076, 0.51
3077, 0.16
3078, 0.43
3079, 0.42
3080, 0.51
3081, 1.00
3082, 1.00
3083, 0.42
3084, 0.42
3085, 0.42
3086, 0.51
3087, 0.42
3088, 0.42
3089, 0.97
3090, 0.42
3091, 0.42
3092, 0.16
3093, 0.42
3094, 0.97
3095, 0.51
3096, 0.42
3097, 0.51
3098, 0.51
3099, 0.42
3100, 1.00
3101, 0.40
3102, 0.16
3103, 0.42
3104, 0.16
3105, 0.42
3106, 0.51
3107, 0.42
3108, 0.51
3109, 0.16
3110, 1.00
3111, 0.42
3112, 0.51
3113, 0.66
3114, 0.45
3115, 0.42
3116, 0.42
3117, 0.42
3118, 0.42
3119, 0.42
3120, 0.51
3121, 0.51
3122, 0.42
3123, 0.51
3124, 0.97
3125, 0.42
3126, 0.42
3127, 0.51
3128, 0.02
3129, 0.51
3130, 0.97
3131, 0.51
3132, 0.51
3133, 0.40
3134, 0.42
3135, 0.66
3136, 0.42
3137, 0.42
3138, 0.51
3139, 0.42
3140, 0.42
3141, 0.42
3142, 0.97
3143, 0.42
3144, 0.66
3145, 0.16
3146, 0.42
3147, 0.51
3148, 0.42
3149, 0.51
3150, 0.51
3151, 0.42
3152, 0.51
3153, 0.42
3154, 0.97
3155, 0.42
3156, 0.42
3157, 0.51
3158, 0.42
3159, 0.97
3160, 0.97
3161, 0.42
3162, 0.66
3163, 0.40
3164, 0.97
3165, 0.51
3166, 0.51
3167, 0.16
3168, 0.66
3169, 0.66
3170, 0.51
3171, 0.85
3172, 0.51
3173, 1.00
3174, 0.66
3175, 0.51
3176, 0.88
3177, 0.42
3178, 0.42
3179, 0.16
3180, 0.16
3181, 0.42
3182, 0.51
3183, 0.42
3184, 0.42
3185, 0.42
3186, 0.16
3187, 0.42
3188, 0.42
3189, 0.42
3190, 0.42
3191, 0.97
3192, 0.42
3193, 0.51
3194, 1.00
3195, 0.16
3196, 0.51
3197, 0.51
3198, 0.51
3199, 0.51
3200, 0.43
3201, 0.51
3202, 0.51
3203, 0.42
3204, 0.97
3205, 0.42
3206, 0.42
3207, 1.00
3208, 0.43
3209, 0.51
3210, 0.42
3211, 0.97
3212, 0.97
3213, 0.16
3214, 0.42
3215, 0.97
3216, 0.16
3217, 0.42
3218, 0.66
3219, 0.42
3220, 0.51
3221, 0.42
3222, 0.97
3223, 0.51
3224, 0.42
3225, 0.42
3226, 0.43
3227, 0.42
3228, 0.51
3229, 0.42
3230, 0.42
3231, 0.42
3232, 0.97
3233, 0.42
3234, 0.42
3235, 0.16
3236, 0.51
3237, 0.84
3238, 0.66
3239, 0.66
3240, 0.42
3241, 0.51
3242, 0.51
3243, 0.42
3244, 0.42
3245, 0.42
3246, 0.42
3247, 1.00
3248, 0.51
3249, 0.51
3250, 0.16
3251, 0.51
3252, 0.97
3253, 0.51
3254, 0.97
3255, 0.51
3256, 0.42
3257, 0.42
3258, 0.97
3259, 0.42
3260, 0.16
3261, 0.16
3262, 0.42
3263, 0.66
3264, 0.43
3265, 0.51
3266, 0.51
3267, 0.16
3268, 0.51
3269, 0.66
3270, 0.51
3271, 0.51
3272, 0.42
3273, 0.51
3274, 0.97
3275, 0.97
3276, 0.16
3277, 0.42
3278, 0.43
3279, 0.98
3280, 0.66
3281, 0.42
3282, 0.66
3283, 0.16
3284, 0.42
3285, 0.42
3286, 0.97
3287, 0.42
3288, 0.51
3289, 0.42
3290, 0.16
3291, 0.97
3292, 0.97
3293, 0.43
3294, 0.51
3295, 0.16
3296, 0.42
3297, 0.51
3298, 0.51
3299, 0.42
3300, 0.42
3301, 0.42
3302, 0.51
3303, 0.42
3304, 0.42
3305, 0.16
3306, 0.42
3307, 0.42
3308, 0.42
3309, 0.42
3310, 1.00
3311, 0.42
3312, 0.51
3313, 0.97
3314, 0.66
3315, 0.16
3316, 0.42
3317, 0.42
3318, 0.66
3319, 0.42
3320, 0.40
3321, 0.42
3322, 0.42
3323, 0.51
3324, 0.42
3325, 0.42
3326, 0.51
3327, 0.16
3328, 0.51
3329, 0.16
3330, 0.42
3331, 0.42
3332, 0.51
3333, 0.51
3334, 0.51
3335, 0.72
3336, 0.16
3337, 0.42
3338, 0.16
3339, 0.66
3340, 0.72
3341, 0.66
3342, 1.00
3343, 0.16
3344, 0.51
3345, 0.66
3346, 0.51
3347, 0.42
3348, 0.42
3349, 0.51
3350, 0.42
3351, 0.42
3352, 0.02
3353, 0.42
3354, 0.42
3355, 0.16
3356, 0.51
3357, 0.51
3358, 0.16
3359, 0.42
3360, 0.51
3361, 0.40
3362, 0.42
3363, 0.51
3364, 0.51
3365, 0.42
3366, 0.42
3367, 0.51
3368, 0.42
3369, 0.43
3370, 0.51
3371, 0.16
3372, 0.42
3373, 0.42
3374, 0.66
3375, 0.42
3376, 0.42
3377, 0.72
3378, 0.42
3379, 0.42
3380, 0.16
3381, 0.16
3382, 0.16
3383, 0.42
3384, 0.16
3385, 0.42
3386, 1.00
3387, 0.43
3388, 0.51
3389, 0.42
3390, 0.66
3391, 0.42
3392, 0.51
3393, 0.16
3394, 0.42
3395, 0.51
3396, 1.00
3397, 0.42
3398, 0.42
3399, 0.51
3400, 1.00
3401, 0.42
3402, 0.43
3403, 0.42
3404, 0.42
3405, 0.51
3406, 0.42
3407, 0.16
3408, 0.42
3409, 0.16
3410, 0.42
3411, 0.42
3412, 0.72
3413, 0.66
3414, 0.97
3415, 0.42
3416, 0.16
3417, 0.97
3418, 0.42
3419, 0.16
3420, 0.16
3421, 0.16
3422, 0.66
3423, 0.16
3424, 0.42
3425, 0.97
3426, 0.51
3427, 0.51
3428, 0.42
3429, 0.66
3430, 0.51
3431, 0.97
3432, 0.16
3433, 0.42
3434, 0.42
3435, 0.51
3436, 0.42
3437, 1.00
3438, 0.16
3439, 0.16
3440, 0.16
3441, 0.51
3442, 0.16
3443, 0.42
3444, 0.42
3445, 0.42
3446, 0.42
3447, 0.66
3448, 0.43
3449, 0.96
3450, 0.16
3451, 0.42
3452, 0.42
3453, 0.51
3454, 0.97
3455, 0.16
3456, 0.16
3457, 0.97
3458, 0.42
3459, 0.42
3460, 0.51
3461, 0.16
3462, 0.97
3463, 0.97
3464, 0.45
3465, 0.16
3466, 0.51
3467, 0.42
3468, 0.16
3469, 0.51
3470, 0.16
3471, 0.51
3472, 0.51
3473, 0.51
3474, 0.51
3475, 0.66
3476, 0.51
3477, 0.51
3478, 0.42
3479, 0.51
3480, 0.51
3481, 0.42
3482, 0.42
3483, 0.51
3484, 0.16
3485, 1.00
3486, 0.51
3487, 0.42
3488, 0.51
3489, 0.42
3490, 0.98
3491, 0.51
3492, 0.72
3493, 0.51
3494, 0.51
3495, 0.51
3496, 0.02
3497, 0.42
3498, 0.42
3499, 0.42
3500, 0.16
3501, 0.51
3502, 0.42
3503, 0.42
3504, 0.16
3505, 0.51
3506, 0.16
3507, 0.51
3508, 0.51
3509, 0.51
3510, 0.42
3511, 0.42
3512, 0.42
3513, 0.51
3514, 0.51
3515, 0.42
3516, 0.97
3517, 0.42
3518, 0.16
3519, 0.51
3520, 0.51
3521, 0.51
3522, 0.16
3523, 0.42
3524, 0.51
3525, 1.00
3526, 0.51
3527, 0.51
3528, 0.97
3529, 0.42
3530, 0.51
3531, 0.42
3532, 0.51
3533, 0.51
3534, 0.51
3535, 0.51
3536, 0.42
3537, 0.51
3538, 0.42
3539, 0.42
3540, 0.42
3541, 0.97
3542, 0.16
3543, 0.51
3544, 0.16
3545, 0.51
3546, 0.42
3547, 0.42
3548, 0.42
3549, 0.42
3550, 0.42
3551, 0.42
3552, 0.42
3553, 0.42
3554, 1.00
3555, 0.51
3556, 0.42
3557, 0.02
3558, 0.42
3559, 0.42
3560, 0.16
3561, 0.97
3562, 0.66
3563, 0.16
3564, 0.16
3565, 0.16
3566, 0.42
3567, 0.42
3568, 0.16
3569, 0.97
3570, 0.42
3571, 0.66
3572, 0.16
3573, 0.51
3574, 0.97
3575, 0.42
3576, 0.42
3577, 0.42
3578, 0.42
3579, 0.16
3580, 0.51
3581, 0.66
3582, 0.42
3583, 0.66
3584, 0.51
3585, 0.40
3586, 0.97
3587, 0.16
3588, 0.51
3589, 0.51
3590, 0.42
3591, 0.42
3592, 0.51
3593, 0.51
3594, 0.02
3595, 0.97
3596, 0.16
3597, 0.16
3598, 0.42
3599, 0.42
3600, 0.16
3601, 0.42
3602, 0.16
3603, 1.00
3604, 0.42
3605, 0.42
3606, 0.42
3607, 0.02
3608, 0.42
3609, 0.51
3610, 0.45
3611, 0.42
3612, 0.51
3613, 0.42
3614, 0.42
3615, 0.16
3616, 1.00
3617, 0.51
3618, 0.27
3619, 0.16
3620, 0.42
3621, 0.16
3622, 0.51
3623, 0.97
3624, 0.42
3625, 0.97
3626, 0.51
3627, 0.40
3628, 0.42
3629, 0.42
3630, 0.51
3631, 1.00
3632, 0.42
3633, 0.16
3634, 0.42
3635, 0.51
3636, 0.51
3637, 0.42
3638, 0.51
3639, 0.51
3640, 0.42
3641, 0.51
3642, 0.51
3643, 0.97
3644, 0.97
3645, 0.42
3646, 0.97
3647, 0.43
3648, 0.51
3649, 0.51
3650, 0.16
3651, 0.42
3652, 0.51
3653, 1.00
3654, 0.42
3655, 0.72
3656, 0.02
3657, 0.16
3658, 0.42
3659, 0.51
3660, 0.97
3661, 0.42
3662, 0.42
3663, 0.43
3664, 0.51
3665, 0.42
3666, 0.40
3667, 0.51
3668, 0.42
3669, 0.51
3670, 0.42
3671, 0.51
3672, 0.42
3673, 0.42
3674, 0.42
3675, 0.66
3676, 0.16
3677, 0.42
3678, 0.51
3679, 0.66
3680, 0.51
3681, 0.51
3682, 0.16
3683, 0.42
3684, 0.66
3685, 0.98
3686, 0.42
3687, 0.42
3688, 0.43
3689, 0.42
3690, 0.16
3691, 0.16
3692, 0.42
3693, 0.42
3694, 1.00
3695, 0.42
3696, 0.51
3697, 0.51
3698, 0.43
3699, 0.16
3700, 0.97
3701, 0.42
3702, 0.42
3703, 0.42
3704, 0.42
3705, 0.97
3706, 0.51
3707, 0.51
3708, 0.42
3709, 0.42
3710, 0.16
3711, 0.51
3712, 0.42
3713, 0.51
3714, 0.42
3715, 0.42
3716, 0.42
3717, 0.97
3718, 0.16
3719, 0.42
3720, 0.16
3721, 0.97
3722, 0.51
3723, 0.42
3724, 0.66
3725, 0.51
3726, 0.16
3727, 1.00
3728, 0.51
3729, 0.42
3730, 0.42
3731, 0.42
3732, 0.51
3733, 0.42
3734, 0.40
3735, 0.42
3736, 0.51
3737, 0.51
3738, 0.42
3739, 0.51
3740, 0.42
3741, 0.42
3742, 0.42
3743, 0.42
3744, 0.51
3745, 0.97
3746, 0.42
3747, 0.97
3748, 0.51
3749, 0.42
3750, 0.51
3751, 0.42
3752, 0.51
3753, 0.51
3754, 0.97
3755, 0.42
3756, 0.42
3757, 0.51
3758, 0.97
3759, 0.42
3760, 0.16
3761, 0.16
3762, 0.40
3763, 0.96
3764, 0.16
3765, 0.51
3766, 0.42
3767, 0.42
3768, 0.42
3769, 0.97
3770, 0.51
3771, 0.51
3772, 0.43
3773, 0.42
3774, 0.51
3775, 0.51
3776, 0.42
3777, 0.45
3778, 0.42
3779, 0.51
3780, 0.51
3781, 0.66
3782, 0.66
3783, 0.51
3784, 0.42
3785, 0.51
3786, 0.40
3787, 0.51
3788, 0.42
3789, 0.42
3790, 0.42
3791, 0.42
3792, 0.42
3793, 0.51
3794, 0.42
3795, 0.42
3796, 0.51
3797, 0.51
3798, 0.97
3799, 0.42
3800, 0.97
3801, 0.45
3802, 0.42
3803, 0.97
3804, 0.51
3805, 0.42
3806, 0.42
3807, 0.51
3808, 0.51
3809, 0.51
3810, 0.16
3811, 0.51
3812, 0.02
3813, 0.51
3814, 0.51
3815, 0.97
3816, 0.16
3817, 0.16
3818, 0.02
3819, 0.42
3820, 0.42
3821, 0.51
3822, 0.42
3823, 0.51
3824, 0.42
3825, 0.16
3826, 0.42
3827, 0.42
3828, 0.97
3829, 0.42
3830, 0.42
3831, 0.51
3832, 0.16
3833, 0.85
3834, 0.98
3835, 0.16
3836, 1.00
3837, 0.42
3838, 0.16
3839, 0.42
3840, 0.16
3841, 0.16
3842, 0.51
3843, 1.00
3844, 0.16
3845, 0.42
3846, 0.42
3847, 0.51
3848, 0.51
3849, 0.66
3850, 0.66
3851, 0.42
3852, 0.51
3853, 0.42
3854, 0.42
3855, 0.72
3856, 0.43
3857, 1.00
3858, 0.66
3859, 0.51
3860, 0.51
3861, 1.00
3862, 0.16
3863, 0.66
3864, 0.16
3865, 0.42
3866, 0.42
3867, 0.51
3868, 0.16
3869, 0.42
3870, 0.42
3871, 0.42
3872, 0.42
3873, 1.00
3874, 0.42
3875, 0.97
3876, 0.42
3877, 0.42
3878, 0.42
3879, 0.42
3880, 0.51
3881, 0.42
3882, 0.42
3883, 0.42
3884, 0.42
3885, 0.42
3886, 0.16
3887, 0.16
3888, 0.51
3889, 0.42
3890, 0.66
3891, 0.51
3892, 0.16
3893, 0.02
3894, 0.42
3895, 0.88
3896, 0.42
3897, 0.43
3898, 0.51
3899, 0.42
3900, 0.42
3901, 0.51
3902, 0.42
3903, 0.42
3904, 0.97
3905, 0.51
3906, 0.42
3907, 0.51
3908, 0.97
3909, 0.51
3910, 0.42
3911, 0.42
3912, 0.42
3913, 0.42
3914, 0.51
3915, 0.51
3916, 0.02
3917, 0.42
3918, 0.51
3919, 0.42
3920, 0.51
3921, 0.42
3922, 0.51
3923, 0.42
3924, 0.72
3925, 0.42
3926, 0.42
3927, 0.51
3928, 0.97
3929, 1.00
3930, 0.42
3931, 0.42
3932, 0.66
3933, 0.42
3934, 0.42
3935, 0.66
3936, 0.51
3937, 0.16
3938, 0.42
3939, 0.42
3940, 0.40
3941, 0.51
3942, 0.16
3943, 0.42
3944, 0.97
3945, 0.42
3946, 0.42
3947, 0.42
3948, 0.16
3949, 0.97
3950, 0.51
3951, 0.43
3952, 0.97
3953, 0.51
3954, 0.66
3955, 0.16
3956, 0.51
3957, 0.42
3958, 0.42
3959, 0.72
3960, 0.16
3961, 0.51
3962, 0.42
3963, 0.51
3964, 0.40
3965, 0.97
3966, 0.42
3967, 0.51
3968, 0.51
3969, 0.51
3970, 0.51
3971, 0.42
3972, 0.66
3973, 0.51
3974, 0.51
3975, 0.42
3976, 0.51
3977, 0.42
3978, 0.97
3979, 0.51
3980, 0.42
3981, 0.42
3982, 0.42
3983, 0.97
3984, 0.51
3985, 0.66
3986, 0.42
3987, 0.02
3988, 0.97
3989, 0.42
3990, 0.51
3991, 0.42
3992, 0.42
3993, 0.42
3994, 0.42
3995, 0.42
3996, 0.16
3997, 0.51
3998, 0.51
3999, 0.42
4000, 0.51
4001, 0.42
4002, 0.51
4003, 1.00
4004, 0.51
4005, 0.51
4006, 0.02
4007, 0.51
4008, 0.42
4009, 0.42
4010, 0.42
4011, 0.97
4012, 0.42
4013, 0.42
4014, 0.42
4015, 0.43
4016, 0.16
4017, 0.02
4018, 0.51
4019, 0.42
4020, 0.51
4021, 0.51
4022, 0.98
4023, 0.66
4024, 0.42
4025, 0.42
4026, 0.51
4027, 0.51
4028, 0.66
4029, 0.97
4030, 0.42
4031, 0.16
4032, 0.42
4033, 0.42
4034, 0.42
4035, 0.42
4036, 0.84
4037, 0.42
4038, 0.51
4039, 0.97
4040, 0.66
4041, 0.66
4042, 0.42
4043, 0.42
4044, 0.51
4045, 0.42
4046, 0.40
4047, 0.42
4048, 0.42
4049, 0.42
4050, 0.42
4051, 0.42
4052, 0.51
4053, 0.42
4054, 0.43
4055, 0.42
4056, 0.84
4057, 0.66
4058, 0.97
4059, 0.51
4060, 0.51
4061, 0.16
4062, 0.42
4063, 0.42
4064, 0.42
4065, 0.51
4066, 0.97
4067, 0.43
4068, 0.97
4069, 0.66
4070, 0.16
4071, 1.00
4072, 0.42
4073, 0.97
4074, 0.51
4075, 0.51
4076, 0.51
4077, 0.42
4078, 1.00
4079, 0.51
4080, 0.42
4081, 0.51
4082, 0.42
4083, 0.51
4084, 0.51
4085, 0.51
4086, 0.42
4087, 0.97
4088, 0.42
4089, 0.42
4090, 0.97
4091, 1.00
4092, 1.00
4093, 0.66
4094, 0.51
4095, 0.42
4096, 0.51
4097, 0.42
4098, 0.16
4099, 0.42
4100, 0.16
4101, 0.16
4102, 0.51
4103, 0.42
4104, 0.16
4105, 0.42
4106, 0.51
4107, 0.42
4108, 0.97
4109, 0.16
4110, 1.00
4111, 0.97
4112, 1.00
4113, 0.42
4114, 0.42
4115, 0.43
4116, 0.42
4117, 0.51
4118, 0.42
4119, 0.51
4120, 0.51
4121, 0.51
4122, 0.42
4123, 0.16
4124, 0.66
4125, 0.51
4126, 0.42
4127, 0.16
4128, 0.42
4129, 0.98
4130, 0.51
4131, 0.42
4132, 0.51
4133, 0.72
4134, 0.42
4135, 0.42
4136, 0.42
4137, 0.43
4138, 0.66
4139, 0.42
4140, 0.42
4141, 0.97
4142, 0.16
4143, 0.42
4144, 0.16
4145, 0.51
4146, 0.97
4147, 0.42
4148, 0.16
4149, 0.16
4150, 0.42
4151, 0.51
4152, 0.51
4153, 0.42
4154, 0.51
4155, 0.97
4156, 0.42
4157, 0.66
4158, 0.51
4159, 0.42
4160, 0.42
4161, 0.16
4162, 0.16
4163, 0.42
4164, 0.42
4165, 1.00
4166, 0.66
4167, 0.42
4168, 0.42
4169, 0.42
4170, 0.51
4171, 0.42
4172, 0.42
4173, 0.42
4174, 0.16
4175, 0.16
4176, 1.00
4177, 0.97
4178, 0.51
4179, 1.00
4180, 0.66
4181, 0.42
4182, 0.51
4183, 0.42
4184, 0.51
4185, 0.42
4186, 0.42
4187, 0.42
4188, 0.97
4189, 0.42
4190, 0.42
4191, 0.66
4192, 0.51
4193, 0.97
4194, 0.66
4195, 0.51
4196, 0.51
4197, 0.51
4198, 0.42
4199, 0.42
4200, 0.42
4201, 0.16
4202, 0.51
4203, 0.51
4204, 0.51
4205, 0.16
4206, 0.42
4207, 0.16
4208, 0.66
4209, 0.16
4210, 0.42
4211, 0.51
4212, 0.42
4213, 0.97
4214, 0.16
4215, 0.40
4216, 0.97
4217, 0.02
4218, 0.51
4219, 0.97
4220, 0.42
4221, 0.51
4222, 0.42
4223, 0.16
4224, 0.42
4225, 0.42
4226, 0.16
4227, 0.42
4228, 0.51
4229, 0.51
4230, 0.43
4231, 0.51
4232, 0.94
4233, 0.42
4234, 0.42
4235, 0.42
4236, 0.42
4237, 0.66
4238, 0.51
4239, 0.97
4240, 0.42
4241, 0.51
4242, 1.00
4243, 0.42
4244, 0.51
4245, 0.42
4246, 0.16
4247, 0.97
4248, 0.66
4249, 0.43
4250, 0.16
4251, 0.51
4252, 1.00
4253, 0.42
4254, 0.66
4255, 0.84
4256, 0.66
4257, 0.16
4258, 0.42
4259, 0.51
4260, 0.97
4261, 0.97
4262, 0.42
4263, 0.42
4264, 0.42
4265, 0.51
4266, 1.00
4267, 0.51
4268, 1.00
4269, 0.42
4270, 0.51
4271, 0.16
4272, 0.16
4273, 0.51
4274, 0.51
4275, 0.42
4276, 0.84
4277, 0.16
4278, 0.42
4279, 0.42
4280, 0.42
4281, 0.42
4282, 0.72
4283, 0.51
4284, 0.42
4285, 0.97
4286, 0.51
4287, 0.51
4288, 0.51
4289, 0.51
4290, 0.42
4291, 0.42
4292, 0.51
4293, 0.42
4294, 0.51
4295, 0.51
4296, 0.66
4297, 0.51
4298, 0.16
4299, 0.51
4300, 0.42
4301, 0.51
4302, 0.42
4303, 0.51
4304, 0.42
4305, 0.97
4306, 0.66
4307, 0.51
4308, 0.02
4309, 0.42
4310, 0.51
4311, 0.42
4312, 0.42
4313, 0.42
4314, 0.51
4315, 0.51
4316, 0.51
4317, 0.16
4318, 0.42
4319, 0.16
4320, 0.66
4321, 1.00
4322, 0.51
4323, 1.00
4324, 0.51
4325, 0.42
4326, 0.42
4327, 0.42
4328, 0.42
4329, 0.66
4330, 0.42
4331, 0.16
4332, 0.97
4333, 0.97
4334, 0.42
4335, 0.51
4336, 0.51
4337, 0.16
4338, 0.66
4339, 0.97
4340, 1.00
4341, 0.84
4342, 0.51
4343, 0.42
4344, 0.51
4345, 0.51
4346, 0.42
4347, 0.42
4348, 0.42
4349, 0.51
4350, 0.42
4351, 0.42
4352, 0.16
4353, 0.97
4354, 0.42
4355, 0.51
4356, 0.42
4357, 0.51
4358, 0.42
4359, 0.42
4360, 0.42
4361, 0.42
4362, 0.51
4363, 0.97
4364, 0.42
4365, 0.72
4366, 0.42
4367, 1.00
4368, 0.97
4369, 0.51
4370, 0.42
4371, 0.42
4372, 0.51
4373, 0.16
4374, 0.51
4375, 0.42
4376, 0.42
4377, 0.51
4378, 0.16
4379, 0.42
4380, 0.66
4381, 0.51
4382, 0.42
4383, 0.40
4384, 0.51
4385, 0.42
4386, 0.42
4387, 0.66
4388, 1.00
4389, 0.42
4390, 0.16
4391, 0.42
4392, 0.42
4393, 0.16
4394, 0.40
4395, 0.42
4396, 0.84
4397, 0.42
4398, 0.42
4399, 0.51
4400, 1.00
4401, 0.42
4402, 0.51
4403, 0.42
4404, 0.42
4405, 0.42
4406, 0.42
4407, 0.16
4408, 1.00
4409, 0.16
4410, 0.51
4411, 0.66
4412, 0.42
4413, 0.42
4414, 0.42
4415, 0.02
4416, 0.51
4417, 0.43
4418, 0.16
4419, 0.42
4420, 0.42
4421, 0.02
4422, 0.42
4423, 0.42
4424, 1.00
4425, 0.51
4426, 0.42
4427, 0.51
4428, 0.16
4429, 0.66
4430, 0.42
4431, 0.42
4432, 0.66
4433, 0.42
4434, 0.42
4435, 0.51
4436, 0.66
4437, 0.42
4438, 0.51
4439, 0.97
4440, 0.97
4441, 0.42
4442, 0.42
4443, 0.42
4444, 0.16
4445, 0.42
4446, 0.42
4447, 0.97
4448, 0.51
4449, 0.42
4450, 0.42
4451, 0.42
4452, 0.66
4453, 0.51
4454, 0.51
4455, 0.42
4456, 0.42
4457, 0.42
4458, 1.00
4459, 0.51
4460, 0.42
4461, 0.42
4462, 0.16
4463, 0.16
4464, 0.16
4465, 0.42
4466, 0.42
4467, 0.42
4468, 0.42
4469, 0.85
4470, 0.96
4471, 0.16
4472, 0.42
4473, 0.42
4474, 0.42
4475, 0.51
4476, 0.97
4477, 0.42
4478, 1.00
4479, 0.51
4480, 0.51
4481, 0.66
4482, 0.42
4483, 0.42
4484, 0.51
4485, 0.16
4486, 0.51
4487, 0.51
4488, 0.51
4489, 0.42
4490, 0.16
4491, 0.51
4492, 0.42
4493, 0.51
4494, 0.42
4495, 1.00
4496, 0.43
4497, 0.42
4498, 0.97
4499, 0.16
4500, 0.16
4501, 0.97
4502, 0.97
4503, 0.42
4504, 0.66
4505, 0.66
4506, 0.42
4507, 0.43
4508, 0.42
4509, 0.42
4510, 0.51
4511, 0.42
4512, 0.66
4513, 0.51
4514, 0.97
4515, 0.42
4516, 0.51
4517, 0.66
4518, 0.42
4519, 0.42
4520, 0.42
4521, 0.16
4522, 0.42
4523, 0.97
4524, 0.51
4525, 0.16
4526, 0.02
4527, 0.97
4528, 0.51
4529, 0.51
4530, 0.42
4531, 0.42
4532, 0.51
4533, 0.42
4534, 0.97
4535, 0.43
4536, 0.51
4537, 0.97
4538, 0.42
4539, 0.16
4540, 0.42
4541, 0.51
4542, 0.16
4543, 0.51
4544, 0.42
4545, 0.97
4546, 0.42
4547, 0.42
4548, 0.51
4549, 0.42
4550, 0.51
4551, 0.42
4552, 0.42
4553, 0.97
4554, 0.51
4555, 0.42
4556, 0.51
4557, 0.42
4558, 0.43
4559, 0.42
4560, 0.42
4561, 0.51
4562, 0.43
4563, 0.97
4564, 0.97
4565, 0.42
4566, 0.51
4567, 0.51
4568, 0.42
4569, 0.40
4570, 0.16
4571, 0.42
4572, 0.51
4573, 0.51
4574, 0.42
4575, 0.97
4576, 0.97
4577, 0.42
4578, 0.42
4579, 0.42
4580, 0.02
4581, 0.72
4582, 0.72
4583, 0.51
4584, 0.42
4585, 0.97
4586, 0.42
4587, 0.97
4588, 0.96
4589, 0.51
4590, 0.16
4591, 0.42
4592, 0.66
4593, 0.42
4594, 0.51
4595, 0.97
4596, 0.42
4597, 0.42
4598, 0.51
4599, 0.42
4600, 0.42
4601, 0.16
4602, 0.51
4603, 0.51
4604, 0.51
4605, 0.42
4606, 0.42
4607, 0.16
4608, 0.42
4609, 0.42
4610, 0.16
4611, 0.51
4612, 0.51
4613, 0.16
4614, 0.51
4615, 0.16
4616, 0.51
4617, 0.40
4618, 1.00
4619, 0.16
4620, 0.43
4621, 0.51
4622, 1.00
4623, 0.72
4624, 0.42
4625, 0.51
4626, 0.97
4627, 0.16
4628, 0.16
4629, 0.72
4630, 0.51
4631, 0.42
4632, 0.42
4633, 0.42
4634, 0.51
4635, 0.42
4636, 1.00
4637, 0.66
4638, 0.51
4639, 0.97
4640, 1.00
4641, 0.42
4642, 0.16
4643, 0.66
4644, 0.42
4645, 0.16
4646, 0.42
4647, 0.42
4648, 0.66
4649, 0.51
4650, 0.02
4651, 0.51
4652, 0.42
4653, 0.42
4654, 0.66
4655, 0.42
4656, 0.97
4657, 0.42
4658, 0.42
4659, 0.16
4660, 0.42
4661, 0.51
4662, 0.66
4663, 0.16
4664, 1.00
4665, 0.42
4666, 0.51
4667, 0.72
4668, 0.42
4669, 0.98
4670, 0.51
4671, 0.51
4672, 0.97
4673, 0.16
4674, 0.97
4675, 0.42
4676, 0.16
4677, 0.51
4678, 0.16
4679, 0.16
4680, 0.42
4681, 0.40
4682, 1.00
4683, 0.97
4684, 0.97
4685, 0.40
4686, 0.16
4687, 0.42
4688, 0.16
4689, 0.51
4690, 0.98
4691, 0.42
4692, 0.51
4693, 0.66
4694, 0.42
4695, 0.42
4696, 0.16
4697, 0.42
4698, 0.16
4699, 0.51
4700, 0.66
4701, 0.98
4702, 0.42
4703, 0.51
4704, 0.16
4705, 0.42
4706, 0.42
4707, 0.66
4708, 0.97
4709, 0.85
4710, 0.42
4711, 0.51
4712, 0.16
4713, 0.51
4714, 0.42
4715, 0.42
4716, 0.66
4717, 0.51
4718, 1.00
4719, 0.72
4720, 0.51
4721, 0.51
4722, 0.42
4723, 0.51
4724, 0.51
4725, 0.16
4726, 0.42
4727, 0.42
4728, 0.51
4729, 0.42
4730, 0.51
4731, 0.42
4732, 0.42
4733, 0.42
4734, 0.51
4735, 0.42
4736, 0.42
4737, 0.42
4738, 0.98
4739, 0.51
4740, 0.42
4741, 0.42
4742, 0.42
4743, 0.40
4744, 0.66
4745, 0.42
4746, 0.66
4747, 0.66
4748, 0.42
4749, 1.00
4750, 0.42
4751, 0.51
4752, 0.42
4753, 0.42
4754, 0.66
4755, 0.72
4756, 0.42
4757, 0.51
4758, 0.40
4759, 0.42
4760, 0.43
4761, 0.42
4762, 0.97
4763, 0.16
4764, 0.16
4765, 0.42
4766, 0.42
4767, 0.51
4768, 0.51
4769, 0.43
4770, 0.42
4771, 1.00
4772, 0.42
4773, 0.51
4774, 0.51
4775, 0.42
4776, 0.51
4777, 0.42
4778, 0.42
4779, 0.42
4780, 0.42
4781, 0.97
4782, 0.42
4783, 1.00
4784, 0.40
4785, 0.97
4786, 0.97
4787, 0.97
4788, 0.42
4789, 0.51
4790, 0.51
4791, 0.51
4792, 0.42
4793, 0.42
4794, 0.16
4795, 0.97
4796, 1.00
4797, 0.51
4798, 0.42
4799, 0.51
4800, 0.42
4801, 0.51
4802, 0.16
4803, 0.42
4804, 0.42
4805, 0.42
4806, 0.42
4807, 0.42
4808, 0.42
4809, 0.42
4810, 0.51
4811, 0.42
4812, 0.42
4813, 0.42
4814, 0.16
4815, 0.42
4816, 0.42
4817, 0.42
4818, 0.42
4819, 0.42
4820, 0.97
4821, 0.42
4822, 0.02
4823, 0.42
4824, 0.51
4825, 0.16
4826, 0.51
4827, 0.42
4828, 0.42
4829, 1.00
4830, 0.51
4831, 0.42
4832, 0.16
4833, 0.97
4834, 0.42
4835, 0.42
4836, 1.00
4837, 0.16
4838, 0.51
4839, 0.16
4840, 0.42
4841, 0.51
4842, 0.16
4843, 0.51
4844, 0.51
4845, 0.43
4846, 0.72
4847, 0.42
4848, 0.97
4849, 0.42
4850, 0.66
4851, 0.16
4852, 0.66
4853, 0.51
4854, 0.16
4855, 0.51
4856, 0.16
4857, 0.51
4858, 0.42
4859, 0.42
4860, 0.66
4861, 0.16
4862, 0.51
4863, 0.42
4864, 0.94
4865, 0.16
4866, 0.98
4867, 0.51
4868, 0.02
4869, 0.42
4870, 0.51
4871, 0.97
4872, 0.51
4873, 0.66
4874, 0.51
4875, 0.51
4876, 0.51
4877, 0.97
4878, 0.42
4879, 0.42
4880, 0.40
4881, 0.42
4882, 1.00
4883, 1.00
4884, 0.42
4885, 0.42
4886, 0.51
4887, 0.51
4888, 0.42
4889, 0.51
4890, 0.42
4891, 0.43
4892, 0.16
4893, 0.16
4894, 0.16
4895, 0.51
4896, 0.42
4897, 0.51
4898, 0.45
4899, 0.42
4900, 0.51
4901, 0.42
4902, 0.51
4903, 0.42
4904, 0.42
4905, 0.42
4906, 1.00
4907, 0.42
4908, 0.16
4909, 0.51
4910, 0.42
4911, 0.51
4912, 0.97
4913, 0.42
4914, 0.51
4915, 1.00
4916, 0.97
4917, 0.42
4918, 0.42
4919, 0.42
4920, 0.42
4921, 0.51
4922, 0.16
4923, 0.97
4924, 0.42
4925, 0.42
4926, 0.42
4927, 0.85
4928, 0.66
4929, 1.00
4930, 1.00
4931, 0.42
4932, 0.42
4933, 0.66
4934, 0.51
4935, 0.42
4936, 0.42
4937, 0.66
4938, 0.42
4939, 0.94
4940, 0.51
4941, 0.43
4942, 0.51
4943, 0.42
4944, 1.00
4945, 0.42
4946, 0.40
4947, 0.51
4948, 0.16
4949, 0.42
4950, 0.51
4951, 0.42
4952, 0.51
4953, 0.42
4954, 0.16
4955, 0.51
4956, 0.66
4957, 0.42
4958, 0.51
4959, 0.51
4960, 0.51
4961, 0.97
4962, 0.51
4963, 0.42
4964, 0.42
4965, 0.66
4966, 0.42
4967, 0.42
4968, 0.51
4969, 0.98
4970, 0.42
4971, 0.51
4972, 0.42
4973, 0.42
4974, 0.51
4975, 0.42
4976, 0.51
4977, 0.42
4978, 0.42
4979, 0.42
4980, 0.51
4981, 0.42
4982, 0.42
4983, 0.66
4984, 0.51
4985, 0.42
4986, 0.42
4987, 0.51
4988, 1.00
4989, 0.42
4990, 0.16
4991, 0.85
4992, 0.16
4993, 0.66
4994, 0.51
4995, 0.42
4996, 0.42
4997, 0.16
4998, 0.42
4999, 0.42
5000, 0.97
5001, 0.16
5002, 0.42
5003, 0.51
5004, 0.16
5005, 0.51
5006, 0.51
5007, 0.42
5008, 0.42
5009, 0.42
5010, 0.51
5011, 0.16
5012, 0.42
5013, 0.42
5014, 0.98
5015, 0.42
5016, 0.42
5017, 0.51
5018, 0.98
5019, 0.51
5020, 0.85
5021, 0.16
5022, 0.85
5023, 0.98
5024, 0.66
5025, 0.51
5026, 0.51
5027, 0.66
5028, 0.42
5029, 0.16
5030, 0.42
5031, 0.42
5032, 0.51
5033, 0.66
5034, 0.16
5035, 0.42
5036, 0.51
5037, 0.42
5038, 0.51
5039, 0.42
5040, 0.51
5041, 0.42
5042, 0.97
5043, 0.16
5044, 0.51
5045, 0.42
5046, 0.40
5047, 0.51
5048, 0.51
5049, 0.42
5050, 0.42
5051, 0.42
5052, 0.51
5053, 1.00
5054, 0.42
5055, 0.51
5056, 0.42
5057, 0.16
5058, 0.42
5059, 0.97
5060, 1.00
5061, 0.42
5062, 0.51
5063, 0.42
5064, 0.51
5065, 0.16
5066, 0.42
5067, 0.51
5068, 0.98
5069, 0.42
5070, 0.51
5071, 0.51
5072, 0.42
5073, 0.96
5074, 0.42
5075, 0.42
5076, 0.42
5077, 0.51
5078, 1.00
5079, 0.97
5080, 0.51
5081, 0.42
5082, 0.42
5083, 0.66
5084, 0.42
5085, 0.97
5086, 0.42
5087, 0.42
5088, 0.66
5089, 1.00
5090, 0.66
5091, 0.42
5092, 0.51
5093, 0.42
5094, 0.16
5095, 0.42
5096, 0.42
5097, 0.42
5098, 0.42
5099, 0.42
5100, 0.66
5101, 0.51
5102, 0.16
5103, 0.42
5104, 0.42
5105, 0.51
5106, 0.42
5107, 0.51
5108, 0.42
5109, 0.97
5110, 0.16
5111, 0.42
5112, 0.42
5113, 0.16
5114, 0.42
5115, 0.42
5116, 0.42
5117, 1.00
5118, 0.43
5119, 0.51
5120, 0.66
5121, 0.51
5122, 0.42
5123, 0.51
5124, 0.42
5125, 0.97
5126, 0.42
5127, 0.02
5128, 0.42
5129, 0.51
5130, 0.51
5131, 0.16
5132, 0.42
5133, 0.42
5134, 0.42
5135, 0.84
5136, 0.42
5137, 0.98
5138, 0.51
5139, 0.42
5140, 0.97
5141, 0.42
5142, 0.97
5143, 0.42
5144, 0.40
5145, 0.66
5146, 0.66
5147, 0.42
5148, 0.51
5149, 0.42
5150, 0.51
5151, 0.51
5152, 0.16
5153, 0.51
5154, 0.16
5155, 0.51
5156, 0.16
5157, 0.66
5158, 0.42
5159, 0.66
5160, 0.42
5161, 0.43
5162, 0.51
5163, 0.42
5164, 0.51
5165, 0.42
5166, 0.42
5167, 0.42
5168, 0.51
5169, 0.42
5170, 0.66
5171, 0.40
5172, 0.42
5173, 0.42
5174, 0.51
5175, 0.16
5176, 0.97
5177, 0.51
5178, 0.42
5179, 0.51
5180, 0.66
5181, 0.72
5182, 0.42
5183, 0.42
5184, 0.97
5185, 1.00
5186, 0.42
5187, 0.42
5188, 0.16
5189, 0.42
5190, 0.51
5191, 0.42
5192, 0.51
5193, 0.42
5194, 0.51
5195, 0.97
5196, 0.51
5197, 0.16
5198, 0.51
5199, 0.43
5200, 1.00
5201, 0.42
5202, 0.42
5203, 0.42
5204, 0.16
5205, 0.42
5206, 0.51
5207, 1.00
5208, 0.51
5209, 0.51
5210, 0.51
5211, 0.51
5212, 0.42
5213, 0.97
5214, 0.42
5215, 0.42
5216, 0.02
5217, 0.51
5218, 0.42
5219, 0.42
5220, 0.42
5221, 0.16
5222, 0.16
5223, 0.42
5224, 0.42
5225, 0.42
5226, 0.42
5227, 0.16
5228, 0.42
5229, 0.16
5230, 0.42
5231, 0.84
5232, 0.66
5233, 0.66
5234, 0.16
5235, 0.40
5236, 0.51
5237, 0.51
5238, 0.42
5239, 0.51
5240, 0.51
5241, 0.97
5242, 0.16
5243, 0.51
5244, 0.97
5245, 0.16
5246, 0.97
5247, 0.40
5248, 0.42
5249, 0.51
5250, 0.42
5251, 0.51
5252, 0.42
5253, 0.16
5254, 0.16
5255, 0.42
5256, 0.51
5257, 0.16
5258, 0.42
5259, 0.51
5260, 0.51
5261, 1.00
5262, 0.51
5263, 0.66
5264, 0.42
5265, 0.42
5266, 0.51
5267, 1.00
5268, 0.16
5269, 0.51
5270, 0.66
5271, 0.42
5272, 1.00
5273, 0.43
5274, 0.42
5275, 0.42
5276, 0.42
5277, 0.51
5278, 0.42
5279, 0.66
5280, 0.42
5281, 1.00
5282, 0.51
5283, 0.97
5284, 0.40
5285, 0.51
5286, 0.16
5287, 0.51
5288, 0.94
5289, 0.66
5290, 0.42
5291, 1.00
5292, 0.51
5293, 0.42
5294, 0.16
5295, 0.16
5296, 0.16
5297, 0.51
5298, 0.42
5299, 1.00
5300, 0.42
5301, 0.42
5302, 0.45
5303, 0.40
5304, 0.51
5305, 0.42
5306, 0.42
5307, 0.42
5308, 0.97
5309, 0.51
5310, 0.51
5311, 0.42
5312, 0.42
5313, 0.51
5314, 0.96
5315, 0.98
5316, 0.42
5317, 0.16
5318, 0.51
5319, 0.72
5320, 0.98
5321, 0.42
5322, 0.51
5323, 0.42
5324, 0.51
5325, 0.51
5326, 0.42
5327, 0.66
5328, 0.51
5329, 0.16
5330, 0.42
5331, 0.42
5332, 0.16
5333, 0.51
5334, 0.84
5335, 0.42
5336, 0.51
5337, 0.51
5338, 0.42
5339, 0.16
5340, 0.16
5341, 0.51
5342, 0.51
5343, 0.42
5344, 0.43
5345, 0.51
5346, 0.42
5347, 0.51
5348, 0.42
5349, 0.42
5350, 0.42
5351, 0.94
5352, 0.66
5353, 0.42
5354, 0.42
5355, 0.97
5356, 1.00
5357, 0.51
5358, 0.51
5359, 0.42
5360, 0.42
5361, 0.40
5362, 0.51
5363, 0.42
5364, 0.42
5365, 0.51
5366, 0.43
5367, 1.00
5368, 0.42
5369, 0.51
5370, 0.97
5371, 0.42
5372, 0.16
5373, 0.42
5374, 0.42
5375, 0.96
5376, 0.16
5377, 0.98
5378, 0.40
5379, 0.42
5380, 0.43
5381, 0.16
5382, 0.51
5383, 0.51
5384, 0.42
5385, 0.42
5386, 0.42
5387, 0.42
5388, 0.16
5389, 0.42
5390, 0.42
5391, 0.51
5392, 0.42
5393, 0.72
5394, 0.51
5395, 0.42
5396, 0.97
5397, 0.42
5398, 0.51
5399, 0.42
5400, 0.42
5401, 0.16
5402, 0.42
5403, 0.42
5404, 0.42
5405, 0.16
5406, 0.66
5407, 0.16
5408, 0.42
5409, 0.42
5410, 0.42
5411, 0.16
5412, 0.98
5413, 0.42
5414, 0.97
5415, 0.51
5416, 0.51
5417, 0.45
5418, 0.16
5419, 1.00
5420, 0.42
5421, 0.42
5422, 0.42
5423, 0.40
5424, 0.16
5425, 0.51
5426, 0.51
5427, 0.42
5428, 0.42
5429, 0.43
5430, 0.42
5431, 0.51
5432, 0.85
5433, 0.42
5434, 0.97
5435, 0.42
5436, 0.51
5437, 0.51
5438, 0.42
5439, 0.66
5440, 0.16
5441, 0.72
5442, 0.66
5443, 0.42
5444, 0.42
5445, 0.42
5446, 1.00
5447, 0.66
5448, 0.51
5449, 0.51
5450, 0.16
5451, 0.40
5452, 0.42
5453, 0.72
5454, 0.51
5455, 1.00
5456, 0.51
5457, 0.97
5458, 0.66
5459, 0.97
5460, 0.42
5461, 0.42
5462, 0.42
5463, 0.51
5464, 0.51
5465, 0.43
5466, 0.42
5467, 0.42
5468, 0.51
5469, 0.42
5470, 0.42
5471, 0.42
5472, 0.40
5473, 0.43
5474, 0.51
5475, 0.42
5476, 0.42
5477, 0.51
5478, 0.51
5479, 0.97
5480, 0.42
5481, 0.43
5482, 0.42
5483, 0.42
5484, 0.42
5485, 0.16
5486, 0.66
5487, 0.97
5488, 0.16
5489, 0.42
5490, 0.97
5491, 0.42
5492, 0.65
5493, 0.42
5494, 0.66
5495, 0.66
5496, 1.00
5497, 0.42
5498, 0.42
5499, 0.42
5500, 0.97
5501, 0.42
5502, 0.42
5503, 0.66
5504, 0.42
5505, 0.51
5506, 0.51
5507, 0.66
5508, 0.42
5509, 0.42
5510, 0.66
5511, 0.42
5512, 0.42
5513, 0.51
5514, 0.97
5515, 0.42
5516, 0.51
5517, 0.42
5518, 0.16
5519, 0.66
5520, 0.72
5521, 0.66
5522, 0.42
5523, 0.66
5524, 1.00
5525, 0.42
5526, 0.51
5527, 0.42
5528, 0.16
5529, 0.51
5530, 0.16
5531, 0.45
5532, 0.42
5533, 0.51
5534, 0.51
5535, 0.42
5536, 0.51
5537, 0.98
5538, 0.97
5539, 0.66
5540, 0.16
5541, 0.16
5542, 1.00
5543, 0.40
5544, 1.00
5545, 0.16
5546, 0.51
5547, 0.42
5548, 0.42
5549, 0.42
5550, 0.16
5551, 0.42
5552, 0.51
5553, 0.42
5554, 0.98
5555, 0.66
5556, 0.42
5557, 0.42
5558, 0.43
5559, 0.42
5560, 0.51
5561, 0.02
5562, 0.51
5563, 0.51
5564, 0.51
5565, 0.42
5566, 0.16
5567, 0.16
5568, 0.42
5569, 0.42
5570, 0.42
5571, 0.66
5572, 1.00
5573, 1.00
5574, 0.42
5575, 0.42
5576, 0.85
5577, 0.16
5578, 0.66
5579, 0.16
5580, 0.51
5581, 0.51
5582, 0.51
5583, 0.66
5584, 0.51
5585, 0.51
5586, 0.51
5587, 0.16
5588, 0.66
5589, 0.42
5590, 0.51
5591, 0.51
5592, 0.42
5593, 0.42
5594, 0.97
5595, 0.51
5596, 0.42
5597, 0.42
5598, 0.51
5599, 0.97
5600, 0.51
5601, 0.42
5602, 0.51
5603, 0.42
5604, 0.42
5605, 0.97
5606, 0.16
5607, 0.42
5608, 0.02
5609, 0.51
5610, 0.42
5611, 0.66
5612, 0.66
5613, 0.16
5614, 0.51
5615, 0.16
5616, 0.16
5617, 0.42
5618, 0.43
5619, 0.51
5620, 0.42
5621, 1.00
5622, 0.16
5623, 0.51
5624, 0.42
5625, 0.42
5626, 0.42
5627, 0.42
5628, 0.42
5629, 0.16
5630, 0.42
5631, 0.51
5632, 0.43
5633, 0.97
5634, 0.51
5635, 0.97
5636, 0.02
5637, 0.16
5638, 0.42
5639, 0.42
5640, 0.42
5641, 0.42
5642, 0.51
5643, 0.51
5644, 0.97
5645, 0.16
5646, 0.42
5647, 0.16
5648, 0.42
5649, 0.42
5650, 0.51
5651, 0.42
5652, 0.42
5653, 0.16
5654, 0.16
5655, 0.51
5656, 0.42
5657, 0.42
5658, 0.97
5659, 0.42
5660, 0.72
5661, 0.16
5662, 0.97
5663, 0.42
5664, 0.42
5665, 0.42
5666, 0.51
5667, 0.66
5668, 0.51
5669, 0.43
5670, 0.42
5671, 0.51
5672, 0.66
5673, 0.16
5674, 0.42
5675, 0.97
5676, 0.42
5677, 0.42
5678, 0.42
5679, 0.51
5680, 0.16
5681, 0.02
5682, 0.42
5683, 0.42
5684, 0.97
5685, 0.84
5686, 0.42
5687, 1.00
5688, 0.72
5689, 0.42
5690, 0.16
5691, 0.42
5692, 0.42
5693, 0.42
5694, 0.42
5695, 0.16
5696, 0.16
5697, 0.51
5698, 0.42
5699, 0.42
5700, 0.02
5701, 1.00
5702, 0.42
5703, 0.97
5704, 0.97
5705, 0.97
5706, 0.96
5707, 0.16
5708, 0.42
5709, 0.96
5710, 1.00
5711, 0.42
5712, 0.98
5713, 0.42
5714, 0.51
5715, 0.51
5716, 0.66
5717, 0.42
5718, 0.42
5719, 0.16
5720, 0.51
5721, 0.42
5722, 0.42
5723, 0.42
5724, 0.42
5725, 0.42
5726, 0.42
5727, 0.16
5728, 0.42
5729, 0.42
5730, 0.66
5731, 0.42
5732, 0.42
5733, 0.97
5734, 0.51
5735, 0.42
5736, 0.97
5737, 0.51
5738, 0.51
5739, 0.97
5740, 0.16
5741, 0.51
5742, 0.42
5743, 0.51
5744, 0.16
5745, 0.85
5746, 0.66
5747, 0.66
5748, 0.42
5749, 0.97
5750, 0.42
5751, 0.97
5752, 0.51
5753, 0.42
5754, 0.84
5755, 0.51
5756, 0.97
5757, 0.43
5758, 0.51
5759, 0.42
5760, 0.02
5761, 0.51
5762, 0.51
5763, 0.42
5764, 0.16
5765, 0.51
5766, 0.42
5767, 0.42
5768, 0.16
5769, 1.00
5770, 0.66
5771, 0.42
5772, 0.51
5773, 0.51
5774, 0.51
5775, 0.42
5776, 0.27
5777, 0.51
5778, 0.16
5779, 0.51
5780, 0.51
5781, 0.42
5782, 0.27
5783, 0.51
5784, 0.51
5785, 0.42
5786, 0.72
5787, 0.51
5788, 0.66
5789, 0.16
5790, 0.98
5791, 0.16
5792, 0.42
5793, 0.51
5794, 0.16
5795, 0.42
5796, 0.16
5797, 0.42
5798, 0.51
5799, 0.42
5800, 0.16
5801, 0.16
5802, 0.51
5803, 0.16
5804, 0.66
5805, 0.97
5806, 0.42
5807, 0.51
5808, 0.16
5809, 0.42
5810, 0.66
5811, 0.51
5812, 0.42
5813, 0.51
5814, 0.51
5815, 0.16
5816, 0.42
5817, 0.42
5818, 0.97
5819, 0.66
5820, 0.51
5821, 0.66
5822, 0.40
5823, 0.42
5824, 0.98
5825, 0.51
5826, 0.97
5827, 0.51
5828, 0.42
5829, 0.84
5830, 0.42
5831, 0.42
5832, 0.66
5833, 0.98
5834, 0.42
5835, 0.16
5836, 0.16
5837, 0.66
5838, 0.51
5839, 0.94
5840, 0.02
5841, 0.42
5842, 0.51
5843, 0.97
5844, 0.51
5845, 1.00
5846, 0.51
5847, 0.42
5848, 0.43
5849, 0.42
5850, 0.42
5851, 0.42
5852, 0.42
5853, 0.51
5854, 0.16
5855, 0.51
5856, 0.51
5857, 0.40
5858, 0.42
5859, 0.51
5860, 0.42
5861, 0.16
5862, 0.42
5863, 0.84
5864, 0.97
5865, 0.51
5866, 0.51
5867, 1.00
5868, 0.42
5869, 0.42
5870, 0.16
5871, 0.51
5872, 0.40
5873, 0.97
5874, 0.51
5875, 0.42
5876, 0.02
5877, 0.72
5878, 0.66
5879, 0.51
5880, 0.51
5881, 0.42
5882, 0.16
5883, 0.97
5884, 0.72
5885, 0.42
5886, 0.42
5887, 0.42
5888, 0.45
5889, 0.42
5890, 0.42
5891, 0.42
5892, 0.51
5893, 0.51
5894, 0.42
5895, 0.51
5896, 0.66
5897, 0.66
5898, 0.51
5899, 0.42
5900, 0.51
5901, 0.42
5902, 0.51
5903, 0.51
5904, 0.16
5905, 0.40
5906, 0.42
5907, 0.42
5908, 0.51
5909, 0.42
5910, 1.00
5911, 0.16
5912, 0.51
5913, 0.97
5914, 0.42
5915, 0.16
5916, 0.51
5917, 0.42
5918, 0.42
5919, 0.66
5920, 0.51
5921, 0.51
5922, 0.42
5923, 0.97
5924, 0.16
5925, 0.42
5926, 0.51
5927, 0.16
5928, 0.66
5929, 0.42
5930, 0.42
5931, 0.42
5932, 0.40
5933, 0.97
5934, 0.42
5935, 0.16
5936, 0.16
5937, 0.51
5938, 0.51
5939, 0.42
5940, 0.16
5941, 1.00
5942, 0.42
5943, 0.42
5944, 0.65
5945, 1.00
5946, 0.42
5947, 0.42
5948, 0.51
5949, 0.40
5950, 0.16
5951, 0.42
5952, 0.51
5953, 0.16
5954, 0.42
5955, 0.42
5956, 0.42
5957, 0.16
5958, 0.42
5959, 0.42
5960, 0.42
5961, 0.66
5962, 0.42
5963, 0.85
5964, 0.40
5965, 0.51
5966, 0.85
5967, 0.42
5968, 0.66
5969, 0.45
5970, 0.51
5971, 0.42
5972, 0.72
5973, 0.42
5974, 0.42
5975, 0.42
5976, 0.16
5977, 0.16
5978, 0.51
5979, 0.42
5980, 0.51
5981, 0.42
5982, 0.51
5983, 0.43
5984, 0.42
5985, 0.51
5986, 0.51
5987, 0.42
5988, 0.72
5989, 0.51
5990, 0.97
5991, 0.97
5992, 0.98
5993, 0.51
5994, 0.42
5995, 0.97
5996, 0.42
5997, 0.42
5998, 0.43
5999, 0.51
6000, 0.97
6001, 0.42
6002, 0.97
6003, 0.94
6004, 0.42
6005, 0.27
6006, 0.16
6007, 0.51
6008, 0.51
6009, 0.51
6010, 0.43
6011, 0.42
6012, 0.42
6013, 0.42
6014, 0.42
6015, 0.42
6016, 0.42
6017, 0.42
6018, 0.51
6019, 0.42
6020, 0.42
6021, 0.42
6022, 0.16
6023, 0.51
6024, 0.42
6025, 0.51
6026, 0.42
6027, 1.00
6028, 0.51
6029, 0.42
6030, 0.66
6031, 0.42
6032, 1.00
6033, 0.42
6034, 0.42
6035, 0.51
6036, 0.97
6037, 0.42
6038, 0.43
6039, 0.42
6040, 0.42
6041, 0.16
6042, 0.51
6043, 0.51
6044, 0.51
6045, 0.16
6046, 0.66
6047, 1.00
6048, 0.66
6049, 0.42
6050, 0.97
6051, 0.42
6052, 0.51
6053, 0.66
6054, 0.42
6055, 0.84
6056, 0.66
6057, 0.51
6058, 0.97
6059, 0.51
6060, 0.66
6061, 0.51
6062, 0.42
6063, 0.51
6064, 0.51
6065, 0.42
6066, 0.42
6067, 0.42
6068, 0.43
6069, 0.42
6070, 0.42
6071, 0.97
6072, 0.42
6073, 0.97
6074, 0.43
6075, 0.42
6076, 0.42
6077, 0.51
6078, 0.51
6079, 0.02
6080, 0.42
6081, 0.51
6082, 0.84
6083, 0.66
6084, 0.42
6085, 0.42
6086, 0.42
6087, 0.42
6088, 0.51
6089, 0.42
6090, 0.51
6091, 0.66
6092, 0.16
6093, 0.66
6094, 0.42
6095, 0.16
6096, 0.42
6097, 0.42
6098, 0.42
6099, 0.42
6100, 0.66
6101, 0.51
6102, 0.42
6103, 0.97
6104, 0.16
6105, 0.42
6106, 0.51
6107, 0.42
6108, 0.51
6109, 0.42
6110, 0.42
6111, 0.51
6112, 0.16
6113, 0.42
6114, 0.51
6115, 0.66
6116, 0.42
6117, 0.43
6118, 0.51
6119, 0.51
6120, 0.16
6121, 0.97
6122, 0.16
6123, 0.16
6124, 0.51
6125, 0.66
6126, 0.42
6127, 0.42
6128, 0.51
6129, 0.42
6130, 0.42
6131, 1.00
6132, 0.42
6133, 0.51
6134, 0.42
6135, 0.42
6136, 0.42
6137, 0.51
6138, 0.42
6139, 0.97
6140, 0.43
6141, 0.98
6142, 1.00
6143, 0.42
6144, 0.51
6145, 0.42
6146, 0.51
6147, 0.51
6148, 0.51
6149, 0.51
6150, 0.66
6151, 0.51
6152, 0.42
6153, 0.66
6154, 0.97
6155, 0.16
6156, 0.02
6157, 0.66
6158, 0.51
6159, 0.16
6160, 0.51
6161, 0.16
6162, 0.51
6163, 0.42
6164, 0.42
6165, 0.51
6166, 0.51
6167, 0.42
6168, 0.51
6169, 0.51
6170, 0.51
6171, 1.00
6172, 0.51
6173, 0.66
6174, 0.42
6175, 0.66
6176, 0.51
6177, 0.42
6178, 0.16
6179, 0.66
6180, 0.51
6181, 0.16
6182, 0.97
6183, 0.42
6184, 0.42
6185, 0.51
6186, 0.51
6187, 0.51
6188, 0.42
6189, 0.97
6190, 0.43
6191, 0.42
6192, 0.42
6193, 0.72
6194, 0.16
6195, 0.42
6196, 0.51
6197, 0.97
6198, 0.42
6199, 0.51
6200, 0.66
6201, 0.98
6202, 0.42
6203, 0.16
6204, 1.00
6205, 0.42
6206, 0.97
6207, 0.42
6208, 0.42
6209, 0.16
6210, 0.51
6211, 0.51
6212, 0.42
6213, 0.16
6214, 0.51
6215, 0.42
6216, 0.42
6217, 0.42
6218, 0.16
6219, 1.00
6220, 0.42
6221, 0.42
6222, 0.42
6223, 0.97
6224, 0.43
6225, 0.42
6226, 0.66
6227, 0.51
6228, 0.42
6229, 0.97
6230, 0.97
6231, 0.42
6232, 0.16
6233, 0.66
6234, 1.00
6235, 0.42
6236, 0.42
6237, 0.51
6238, 0.51
6239, 0.51
6240, 0.42
6241, 0.42
6242, 0.51
6243, 0.66
6244, 0.66
6245, 0.42
6246, 0.66
6247, 0.42
6248, 0.42
6249, 0.51
6250, 0.97
6251, 0.51
6252, 0.42
6253, 0.42
6254, 0.42
6255, 0.51
6256, 0.42
6257, 0.42
6258, 0.42
6259, 0.42
6260, 0.42
6261, 0.43
6262, 0.42
6263, 0.51
6264, 0.16
6265, 0.16
6266, 0.97
6267, 0.42
6268, 0.40
6269, 0.42
6270, 0.42
6271, 0.42
6272, 0.42
6273, 0.16
6274, 0.42
6275, 0.51
6276, 0.51
6277, 0.51
6278, 0.42
6279, 0.42
6280, 1.00
6281, 0.16
6282, 0.66
6283, 0.16
6284, 0.42
6285, 0.42
6286, 0.42
6287, 0.51
6288, 0.42
6289, 0.42
6290, 0.97
6291, 0.42
6292, 0.51
6293, 0.42
6294, 0.42
6295, 0.40
6296, 0.97
6297, 0.42
6298, 0.16
6299, 0.97
6300, 0.42
6301, 0.42
6302, 0.42
6303, 0.16
6304, 1.00
6305, 0.51
6306, 0.66
6307, 0.51
6308, 0.42
6309, 0.42
6310, 0.42
6311, 0.16
6312, 0.16
6313, 0.51
6314, 0.42
6315, 0.42
6316, 0.97
6317, 0.51
6318, 0.42
6319, 0.42
6320, 0.96
6321, 0.42
6322, 0.51
6323, 0.98
6324, 0.97
6325, 0.42
6326, 0.16
6327, 0.42
6328, 0.16
6329, 0.51
6330, 0.42
6331, 0.42
6332, 0.51
6333, 0.42
6334, 0.51
6335, 0.66
6336, 0.51
6337, 0.51
6338, 0.42
6339, 0.66
6340, 0.16
6341, 0.51
6342, 0.51
6343, 0.42
6344, 0.97
6345, 0.42
6346, 1.00
6347, 0.51
6348, 1.00
6349, 0.42
6350, 0.42
6351, 0.51
6352, 1.00
6353, 0.42
6354, 0.51
6355, 0.43
6356, 0.16
6357, 0.97
6358, 0.42
6359, 0.66
6360, 0.97
6361, 0.16
6362, 0.51
6363, 0.97
6364, 0.42
6365, 0.43
6366, 0.16
6367, 0.42
6368, 0.16
6369, 0.97
6370, 0.42
6371, 0.40
6372, 0.16
6373, 0.51
6374, 0.42
6375, 0.16
6376, 0.72
6377, 0.51
6378, 1.00
6379, 0.51
6380, 0.51
6381, 0.51
6382, 0.42
6383, 0.51
6384, 0.51
6385, 0.42
6386, 0.42
6387, 0.51
6388, 0.42
6389, 0.42
6390, 0.66
6391, 0.42
6392, 0.42
6393, 0.51
6394, 0.66
6395, 0.42
6396, 0.97
6397, 0.02
6398, 0.42
6399, 0.43
6400, 0.42
6401, 0.42
6402, 0.16
6403, 0.42
6404, 0.97
6405, 0.42
6406, 0.51
6407, 0.94
6408, 0.42
6409, 0.51
6410, 0.51
6411, 0.51
6412, 0.42
6413, 0.51
6414, 0.42
6415, 0.66
6416, 0.42
6417, 0.16
6418, 0.16
6419, 0.42
6420, 0.51
6421, 0.98
6422, 0.16
6423, 0.16
6424, 0.42
6425, 0.42
6426, 0.72
6427, 0.51
6428, 0.51
6429, 0.51
6430, 0.97
6431, 0.16
6432, 0.42
6433, 0.42
6434, 0.51
6435, 0.43
6436, 0.02
6437, 0.42
6438, 0.51
6439, 0.42
6440, 0.42
6441, 0.51
6442, 0.42
6443, 0.42
6444, 0.42
6445, 0.88
6446, 0.42
6447, 0.51
6448, 0.72
6449, 0.51
6450, 0.16
6451, 0.42
6452, 0.42
6453, 0.51
6454, 0.42
6455, 0.42
6456, 0.97
6457, 0.42
6458, 0.42
6459, 0.51
6460, 0.16
6461, 0.43
6462, 0.51
6463, 0.42
6464, 0.51
6465, 0.42
6466, 0.42
6467, 0.40
6468, 1.00
6469, 0.66
6470, 0.42
6471, 0.66
6472, 0.51
6473, 0.42
6474, 0.42
6475, 0.51
6476, 0.97
6477, 0.51
6478, 0.16
6479, 0.51
6480, 0.42
6481, 0.42
6482, 0.42
6483, 0.42
6484, 0.66
6485, 0.42
6486, 0.16
6487, 0.42
6488, 0.97
6489, 0.16
6490, 0.51
6491, 0.51
6492, 0.16
6493, 0.66
6494, 0.42
6495, 0.42
6496, 0.66
6497, 0.51
6498, 0.16
6499, 0.42
6500, 0.42
6501, 0.66
6502, 0.51
6503, 0.42
6504, 0.16
6505, 0.42
6506, 0.42
6507, 0.43
6508, 0.42
6509, 0.42
6510, 0.42
6511, 0.98
6512, 1.00
6513, 0.42
6514, 0.42
6515, 0.51
6516, 0.43
6517, 0.42
6518, 0.42
6519, 0.66
6520, 0.16
6521, 0.51
6522, 0.66
6523, 0.51
6524, 0.66
6525, 0.42
6526, 0.51
6527, 0.66
6528, 1.00
6529, 0.51
6530, 1.00
6531, 0.51
6532, 0.16
6533, 0.51
6534, 0.66
6535, 0.16
6536, 0.97
6537, 0.51
6538, 0.42
6539, 0.66
6540, 0.42
6541, 0.51
6542, 0.51
6543, 1.00
6544, 0.42
6545, 0.42
6546, 0.42
6547, 0.42
6548, 0.42
6549, 0.72
6550, 0.42
6551, 0.51
6552, 0.16
6553, 0.66
6554, 0.42
6555, 0.42
6556, 0.42
6557, 0.51
6558, 0.66
6559, 0.51
6560, 0.02
6561, 0.51
6562, 0.42
6563, 0.42
6564, 0.51
6565, 0.27
6566, 0.16
6567, 0.97
6568, 0.42
6569, 0.02
6570, 0.42
6571, 0.40
6572, 0.42
6573, 0.42
6574, 1.00
6575, 0.42
6576, 0.16
6577, 0.43
6578, 0.66
6579, 0.42
6580, 0.51
6581, 0.51
6582, 0.51
6583, 0.66
6584, 0.42
6585, 0.42
6586, 0.42
6587, 0.02
6588, 0.42
6589, 0.02
6590, 0.42
6591, 0.42
6592, 0.97
6593, 0.42
6594, 0.42
6595, 0.66
6596, 0.51
6597, 0.51
6598, 0.42
6599, 0.42
6600, 0.42
6601, 0.42
6602, 0.42
6603, 0.43
6604, 0.51
6605, 0.16
6606, 0.84
6607, 0.51
6608, 0.42
6609, 0.42
6610, 0.45
6611, 0.16
6612, 0.16
6613, 0.51
6614, 0.51
6615, 0.51
6616, 0.16
6617, 0.97
6618, 0.51
6619, 0.98
6620, 0.51
6621, 0.16
6622, 0.42
6623, 0.51
6624, 0.51
6625, 0.51
6626, 0.51
6627, 0.42
6628, 0.42
6629, 0.66
6630, 1.00
6631, 0.51
6632, 0.51
6633, 0.66
6634, 0.51
6635, 0.97
6636, 0.42
6637, 0.98
6638, 0.42
6639, 1.00
6640, 0.42
6641, 0.97
6642, 0.51
6643, 0.16
6644, 0.43
6645, 0.42
6646, 0.16
6647, 0.42
6648, 0.16
6649, 0.16
6650, 0.16
6651, 0.66
6652, 0.51
6653, 0.51
6654, 0.51
6655, 0.42
6656, 0.51
6657, 0.42
6658, 0.51
6659, 0.51
6660, 0.72
6661, 0.42
6662, 0.51
6663, 0.42
6664, 0.42
6665, 0.51
6666, 0.51
6667, 0.42
6668, 0.66
6669, 0.42
6670, 0.51
6671, 0.97
6672, 0.42
6673, 0.16
6674, 0.51
6675, 0.42
6676, 0.66
6677, 0.42
6678, 0.66
6679, 0.42
6680, 0.16
6681, 0.51
6682, 0.51
6683, 0.42
6684, 0.85
6685, 0.42
6686, 0.42
6687, 0.66
6688, 0.66
6689, 1.00
6690, 0.51
6691, 0.42
6692, 0.94
6693, 0.42
6694, 0.42
6695, 0.16
6696, 0.97
6697, 0.42
6698, 0.42
6699, 0.42
6700, 0.43
6701, 0.66
6702, 0.16
6703, 0.16
6704, 0.51
6705, 0.16
6706, 0.51
6707, 0.51
6708, 0.51
6709, 0.42
6710, 0.16
6711, 0.66
6712, 0.51
6713, 0.51
6714, 0.16
6715, 0.51
6716, 0.42
6717, 0.42
6718, 0.51
6719, 0.42
6720, 0.42
6721, 0.51
6722, 0.51
6723, 1.00
6724, 0.51
6725, 0.51
6726, 0.42
6727, 0.51
6728, 0.16
6729, 0.97
6730, 0.42
6731, 0.42
6732, 0.97
6733, 0.42
6734, 0.42
6735, 0.66
6736, 0.42
6737, 0.42
6738, 0.51
6739, 0.51
6740, 0.43
6741, 0.42
6742, 0.42
6743, 0.16
6744, 0.97
6745, 0.97
6746, 0.66
6747, 0.51
6748, 0.42
6749, 0.97
6750, 0.42
6751, 0.16
6752, 0.66
6753, 0.43
6754, 0.51
6755, 0.16
6756, 0.51
6757, 0.66
6758, 0.42
6759, 0.42
6760, 0.51
6761, 0.16
6762, 0.16
6763, 0.51
6764, 0.66
6765, 0.16
6766, 0.42
6767, 0.43
6768, 0.42
6769, 0.51
6770, 0.97
6771, 0.42
6772, 0.42
6773, 0.16
6774, 0.51
6775, 0.66
6776, 0.51
6777, 0.66
6778, 0.51
6779, 0.51
6780, 0.51
6781, 0.97
6782, 0.42
6783, 0.42
6784, 0.94
6785, 0.42
6786, 0.42
6787, 0.51
6788, 0.42
6789, 0.97
6790, 0.51
6791, 0.43
6792, 1.00
6793, 0.42
6794, 0.42
6795, 0.42
6796, 0.97
6797, 0.42
6798, 0.97
6799, 0.16
6800, 0.97
6801, 0.72
6802, 0.51
6803, 0.51
6804, 0.02
6805, 0.97
6806, 0.51
6807, 0.51
6808, 0.16
6809, 0.02
6810, 0.02
6811, 0.66
6812, 0.51
6813, 0.51
6814, 0.42
6815, 0.42
6816, 0.40
6817, 0.42
6818, 0.51
6819, 0.98
6820, 0.84
6821, 0.94
6822, 0.42
6823, 0.42
6824, 0.42
6825, 0.85
6826, 0.42
6827, 0.16
6828, 0.51
6829, 0.42
6830, 0.42
6831, 0.97
6832, 0.16
6833, 0.97
6834, 0.42
6835, 0.42
6836, 0.42
6837, 0.16
6838, 0.42
6839, 0.51
6840, 0.16
6841, 0.42
6842, 0.42
6843, 0.51
6844, 0.42
6845, 0.42
6846, 0.42
6847, 0.97
6848, 0.42
6849, 0.42
6850, 0.42
6851, 0.16
6852, 0.51
6853, 0.51
6854, 0.66
6855, 0.66
6856, 0.66
6857, 0.51
6858, 0.42
6859, 0.51
6860, 0.51
6861, 0.97
6862, 0.97
6863, 0.66
6864, 0.42
6865, 0.16
6866, 0.66
6867, 0.66
6868, 0.51
6869, 0.51
6870, 0.51
6871, 0.42
6872, 0.43
6873, 0.97
6874, 0.51
6875, 0.51
6876, 0.51
6877, 0.42
6878, 0.16
6879, 0.42
6880, 0.42
6881, 0.42
6882, 0.66
6883, 0.51
6884, 0.51
6885, 0.42
6886, 0.42
6887, 0.42
6888, 0.43
6889, 0.16
6890, 0.72
6891, 0.51
6892, 1.00
6893, 0.51
6894, 1.00
6895, 1.00
6896, 0.16
6897, 0.72
6898, 0.51
6899, 0.42
6900, 1.00
6901, 0.51
6902, 0.51
6903, 0.16
6904, 0.42
6905, 0.66
6906, 0.16
6907, 0.42
6908, 0.51
6909, 0.42
6910, 0.42
6911, 0.97
6912, 0.42
6913, 0.42
6914, 0.42
6915, 0.42
6916, 0.42
6917, 0.42
6918, 0.42
6919, 0.42
6920, 0.51
6921, 0.42
6922, 0.66
6923, 0.16
6924, 0.40
6925, 0.66
6926, 0.51
6927, 0.42
6928, 0.51
6929, 0.42
6930, 0.42
6931, 0.85
6932, 0.97
6933, 0.42
6934, 0.42
6935, 0.51
6936, 0.97
6937, 0.51
6938, 0.51
6939, 0.16
6940, 1.00
6941, 0.42
6942, 0.42
6943, 0.42
6944, 0.42
6945, 0.51
6946, 0.51
6947, 0.42
6948, 0.16
6949, 0.97
6950, 0.42
6951, 0.94
6952, 0.42
6953, 0.42
6954, 0.42
6955, 0.51
6956, 0.16
6957, 0.42
6958, 0.16
6959, 0.42
6960, 0.16
6961, 1.00
6962, 0.16
6963, 0.42
6964, 0.42
6965, 0.97
6966, 0.45
6967, 0.51
6968, 0.42
6969, 0.40
6970, 0.16
6971, 0.42
6972, 0.51
6973, 0.51
6974, 0.66
6975, 0.40
6976, 0.42
6977, 0.16
6978, 0.42
6979, 0.42
6980, 0.51
6981, 0.16
6982, 0.42
6983, 0.40
6984, 0.42
6985, 0.16
6986, 0.51
6987, 0.51
6988, 0.51
6989, 0.66
6990, 0.51
6991, 0.42
6992, 0.42
6993, 0.66
6994, 0.51
6995, 0.97
6996, 0.51
6997, 1.00
6998, 0.51
6999, 0.42
7000, 0.42
7001, 0.98
7002, 0.51
7003, 0.66
7004, 0.97
7005, 0.66
7006, 0.42
7007, 0.42
7008, 0.42
7009, 0.42
7010, 0.43
7011, 0.51
7012, 0.16
7013, 0.65
7014, 0.51
7015, 0.51
7016, 0.42
7017, 0.51
7018, 0.16
7019, 0.42
7020, 0.84
7021, 0.42
7022, 0.16
7023, 0.66
7024, 0.42
7025, 0.42
7026, 0.51
7027, 0.16
7028, 0.42
7029, 0.42
7030, 0.51
7031, 0.88
7032, 0.42
7033, 0.16
7034, 0.98
7035, 0.97
7036, 0.42
7037, 0.16
7038, 0.43
7039, 0.66
7040, 0.42
7041, 0.42
7042, 0.42
7043, 0.42
7044, 0.42
7045, 0.42
7046, 0.42
7047, 0.42
7048, 0.51
7049, 0.66
7050, 0.43
7051, 0.42
7052, 0.51
7053, 0.42
7054, 0.43
7055, 0.42
7056, 0.42
7057, 0.42
7058, 0.42
7059, 0.16
7060, 0.51
7061, 0.16
7062, 0.51
7063, 0.42
7064, 0.42
7065, 1.00
7066, 0.42
7067, 0.42
7068, 0.51
7069, 0.42
7070, 0.42
7071, 0.51
7072, 0.72
7073, 0.16
7074, 0.42
7075, 0.16
7076, 0.42
7077, 0.16
7078, 0.51
7079, 0.97
7080, 0.97
7081, 0.51
7082, 0.16
7083, 0.42
7084, 0.42
7085, 0.42
7086, 0.43
7087, 1.00
7088, 0.42
7089, 0.51
7090, 0.42
7091, 0.66
7092, 0.42
7093, 0.42
7094, 0.16
7095, 0.42
7096, 0.42
7097, 0.66
7098, 0.42
7099, 0.66
7100, 0.51
7101, 0.42
7102, 0.66
7103, 0.42
7104, 0.66
7105, 0.51
7106, 0.97
7107, 0.42
7108, 0.42
7109, 0.51
7110, 0.16
7111, 0.42
7112, 0.42
7113, 0.51
7114, 0.42
7115, 0.51
7116, 0.42
7117, 0.16
7118, 0.66
7119, 0.66
7120, 0.51
7121, 0.42
7122, 0.42
7123, 0.72
7124, 0.51
7125, 0.42
7126, 0.42
7127, 0.42
7128, 0.42
7129, 0.51
7130, 0.97
7131, 0.27
7132, 0.43
7133, 0.02
7134, 0.16
7135, 0.51
7136, 0.51
7137, 0.16
7138, 0.51
7139, 0.43
7140, 0.16
7141, 0.42
7142, 0.16
7143, 0.42
7144, 0.42
7145, 0.72
7146, 0.51
7147, 0.51
7148, 0.51
7149, 0.72
7150, 0.51
7151, 0.43
7152, 0.16
7153, 0.51
7154, 0.51
7155, 0.97
7156, 0.42
7157, 0.98
7158, 0.51
7159, 0.51
7160, 0.51
7161, 0.02
7162, 0.16
7163, 0.42
7164, 0.66
7165, 0.66
7166, 1.00
7167, 0.42
7168, 0.51
7169, 0.42
7170, 0.51
7171, 0.16
7172, 0.42
7173, 0.51
7174, 0.42
7175, 0.43
7176, 0.98
7177, 0.42
7178, 0.66
7179, 0.97
7180, 0.72
7181, 0.94
7182, 0.51
7183, 0.97
7184, 0.65
7185, 0.51
7186, 0.16
7187, 0.42
7188, 0.42
7189, 0.16
7190, 0.51
7191, 0.51
7192, 0.72
7193, 0.42
7194, 0.42
7195, 0.66
7196, 0.43
7197, 0.42
7198, 0.42
7199, 0.16
7200, 0.97
7201, 0.42
7202, 0.42
7203, 0.42
7204, 0.16
7205, 0.42
7206, 0.42
7207, 0.42
7208, 0.84
7209, 0.42
7210, 0.42
7211, 0.42
7212, 0.42
7213, 0.66
7214, 0.51
7215, 0.16
7216, 1.00
7217, 1.00
7218, 0.66
7219, 0.51
7220, 0.85
7221, 0.51
7222, 0.98
7223, 0.42
7224, 0.42
7225, 0.97
7226, 0.42
7227, 0.51
7228, 0.42
7229, 0.51
7230, 0.51
7231, 0.98
7232, 0.42
7233, 0.42
7234, 0.42
7235, 0.16
7236, 0.51
7237, 0.42
7238, 0.51
7239, 0.51
7240, 0.51
7241, 0.51
7242, 0.42
7243, 0.43
7244, 0.51
7245, 0.42
7246, 0.16
7247, 0.42
7248, 0.51
7249, 0.42
7250, 0.51
7251, 0.51
7252, 0.66
7253, 0.66
7254, 0.51
7255, 1.00
7256, 0.42
7257, 0.42
7258, 0.97
7259, 0.42
7260, 0.42
7261, 0.42
7262, 0.51
7263, 0.42
7264, 0.51
7265, 0.42
7266, 0.42
7267, 1.00
7268, 0.51
7269, 0.72
7270, 0.42
7271, 0.42
7272, 0.42
7273, 0.51
7274, 0.97
7275, 0.97
7276, 0.42
7277, 0.51
7278, 0.51
7279, 0.42
7280, 0.42
7281, 0.42
7282, 0.42
7283, 0.42
7284, 0.42
7285, 0.98
7286, 0.42
7287, 0.40
7288, 0.51
7289, 0.42
7290, 0.42
7291, 0.51
7292, 0.51
7293, 0.66
7294, 0.42
7295, 0.16
7296, 0.97
7297, 0.66
7298, 1.00
7299, 0.84
7300, 0.42
7301, 0.42
7302, 0.51
7303, 0.51
7304, 0.02
7305, 0.40
7306, 0.51
7307, 0.42
7308, 0.16
7309, 0.42
7310, 0.40
7311, 0.51
7312, 0.66
7313, 0.42
7314, 0.51
7315, 0.42
7316, 0.42
7317, 0.51
7318, 0.42
7319, 0.42
7320, 0.42
7321, 0.51
7322, 0.72
7323, 0.51
7324, 1.00
7325, 0.51
7326, 0.42
7327, 0.42
7328, 0.66
7329, 0.42
7330, 0.42
7331, 0.51
7332, 0.42
7333, 0.51
7334, 0.66
7335, 0.42
7336, 0.42
7337, 0.42
7338, 0.42
7339, 0.51
7340, 0.42
7341, 0.42
7342, 0.72
7343, 0.66
7344, 0.42
7345, 0.16
7346, 0.51
7347, 0.97
7348, 0.42
7349, 0.97
7350, 0.51
7351, 0.66
7352, 0.42
7353, 0.42
7354, 1.00
7355, 0.97
7356, 0.42
7357, 0.42
7358, 0.45
7359, 0.42
7360, 0.51
7361, 0.66
7362, 0.97
7363, 0.51
7364, 0.66
7365, 0.51
7366, 0.51
7367, 1.00
7368, 0.42
7369, 0.40
7370, 0.42
7371, 0.42
7372, 0.51
7373, 0.97
7374, 0.42
7375, 0.43
7376, 0.97
7377, 0.16
7378, 0.51
7379, 0.42
7380, 0.51
7381, 0.42
7382, 0.42
7383, 0.51
7384, 0.40
7385, 0.16
7386, 0.42
7387, 0.66
7388, 0.42
7389, 0.97
7390, 0.51
7391, 0.51
7392, 0.42
7393, 0.51
7394, 0.72
7395, 0.42
7396, 0.51
7397, 0.51
7398, 0.51
7399, 0.42
7400, 0.42
7401, 0.97
7402, 0.43
7403, 0.51
7404, 0.42
7405, 0.51
7406, 0.16
7407, 0.51
7408, 0.42
7409, 0.16
7410, 0.42
7411, 0.16
7412, 0.51
7413, 0.16
7414, 0.98
7415, 0.43
7416, 0.16
7417, 0.97
7418, 0.16
7419, 0.42
7420, 0.97
7421, 0.42
