ID,Predicted
0, 0.38
1, 0.28
2, 0.57
3, 0.35
4, 0.63
5, 0.33
6, 0.59
7, 0.43
8, 0.45
9, 0.41
10, 0.49
11, 0.52
12, 0.57
13, 0.60
14, 0.56
15, 0.60
16, 0.58
17, 0.52
18, 0.58
19, 0.27
20, 0.51
21, 0.66
22, 0.56
23, 0.50
24, 0.33
25, 0.46
26, 0.55
27, 0.57
28, 0.52
29, 0.45
30, 0.62
31, 0.43
32, 0.56
33, 0.33
34, 0.34
35, 0.47
36, 0.50
37, 0.51
38, 0.50
39, 0.55
40, 0.48
41, 0.44
42, 0.53
43, 0.50
44, 0.55
45, 0.41
46, 0.58
47, 0.56
48, 0.54
49, 0.50
50, 0.33
51, 0.53
52, 0.35
53, 0.40
54, 0.42
55, 0.49
56, 0.49
57, 0.35
58, 0.42
59, 0.44
60, 0.55
61, 0.39
62, 0.46
63, 0.55
64, 0.59
65, 0.35
66, 0.70
67, 0.42
68, 0.34
69, 0.56
70, 0.57
71, 0.59
72, 0.60
73, 0.53
74, 0.50
75, 0.50
76, 0.50
77, 0.37
78, 0.48
79, 0.28
80, 0.62
81, 0.52
82, 0.67
83, 0.67
84, 0.62
85, 0.57
86, 0.66
87, 0.41
88, 0.38
89, 0.56
90, 0.44
91, 0.51
92, 0.52
93, 0.67
94, 0.48
95, 0.52
96, 0.39
97, 0.50
98, 0.53
99, 0.57
100, 0.46
101, 0.50
102, 0.38
103, 0.56
104, 0.55
105, 0.60
106, 0.44
107, 0.48
108, 0.39
109, 0.69
110, 0.38
111, 0.57
112, 0.36
113, 0.58
114, 0.55
115, 0.50
116, 0.63
117, 0.55
118, 0.48
119, 0.40
120, 0.32
121, 0.49
122, 0.63
123, 0.43
124, 0.50
125, 0.39
126, 0.55
127, 0.66
128, 0.33
129, 0.55
130, 0.31
131, 0.59
132, 0.40
133, 0.59
134, 0.44
135, 0.56
136, 0.37
137, 0.29
138, 0.55
139, 0.60
140, 0.61
141, 0.52
142, 0.55
143, 0.65
144, 0.53
145, 0.49
146, 0.44
147, 0.45
148, 0.31
149, 0.32
150, 0.42
151, 0.64
152, 0.36
153, 0.33
154, 0.49
155, 0.45
156, 0.50
157, 0.60
158, 0.38
159, 0.36
160, 0.58
161, 0.56
162, 0.45
163, 0.32
164, 0.44
165, 0.59
166, 0.27
167, 0.63
168, 0.57
169, 0.48
170, 0.53
171, 0.49
172, 0.61
173, 0.52
174, 0.42
175, 0.53
176, 0.45
177, 0.39
178, 0.53
179, 0.50
180, 0.38
181, 0.52
182, 0.50
183, 0.43
184, 0.44
185, 0.64
186, 0.53
187, 0.46
188, 0.60
189, 0.55
190, 0.53
191, 0.63
192, 0.44
193, 0.67
194, 0.35
195, 0.59
196, 0.54
197, 0.58
198, 0.54
199, 0.29
200, 0.48
201, 0.26
202, 0.51
203, 0.47
204, 0.73
205, 0.50
206, 0.39
207, 0.52
208, 0.66
209, 0.56
210, 0.54
211, 0.48
212, 0.29
213, 0.50
214, 0.42
215, 0.62
216, 0.57
217, 0.51
218, 0.51
219, 0.33
220, 0.49
221, 0.49
222, 0.62
223, 0.54
224, 0.45
225, 0.52
226, 0.46
227, 0.49
228, 0.51
229, 0.48
230, 0.26
231, 0.39
232, 0.53
233, 0.42
234, 0.27
235, 0.27
236, 0.51
237, 0.36
238, 0.49
239, 0.51
240, 0.45
241, 0.30
242, 0.40
243, 0.52
244, 0.53
245, 0.57
246, 0.48
247, 0.56
248, 0.50
249, 0.39
250, 0.63
251, 0.32
252, 0.50
253, 0.28
254, 0.46
255, 0.64
256, 0.56
257, 0.57
258, 0.59
259, 0.40
260, 0.29
261, 0.27
262, 0.59
263, 0.67
264, 0.41
265, 0.45
266, 0.44
267, 0.64
268, 0.50
269, 0.53
270, 0.51
271, 0.54
272, 0.49
273, 0.42
274, 0.56
275, 0.58
276, 0.33
277, 0.27
278, 0.34
279, 0.45
280, 0.64
281, 0.61
282, 0.64
283, 0.49
284, 0.51
285, 0.56
286, 0.41
287, 0.53
288, 0.69
289, 0.45
290, 0.56
291, 0.40
292, 0.58
293, 0.44
294, 0.56
295, 0.62
296, 0.44
297, 0.52
298, 0.42
299, 0.60
300, 0.39
301, 0.59
302, 0.38
303, 0.45
304, 0.46
305, 0.51
306, 0.57
307, 0.56
308, 0.54
309, 0.39
310, 0.57
311, 0.38
312, 0.64
313, 0.52
314, 0.49
315, 0.53
316, 0.49
317, 0.64
318, 0.39
319, 0.26
320, 0.24
321, 0.63
322, 0.32
323, 0.20
324, 0.61
325, 0.48
326, 0.54
327, 0.33
328, 0.34
329, 0.44
330, 0.67
331, 0.57
332, 0.35
333, 0.35
334, 0.68
335, 0.62
336, 0.29
337, 0.45
338, 0.53
339, 0.53
340, 0.57
341, 0.63
342, 0.54
343, 0.30
344, 0.61
345, 0.59
346, 0.43
347, 0.34
348, 0.40
349, 0.52
350, 0.63
351, 0.42
352, 0.51
353, 0.57
354, 0.53
355, 0.59
356, 0.33
357, 0.54
358, 0.40
359, 0.54
360, 0.39
361, 0.49
362, 0.54
363, 0.57
364, 0.59
365, 0.56
366, 0.62
367, 0.51
368, 0.46
369, 0.28
370, 0.44
371, 0.50
372, 0.39
373, 0.60
374, 0.66
375, 0.39
376, 0.44
377, 0.52
378, 0.57
379, 0.55
380, 0.60
381, 0.52
382, 0.42
383, 0.59
384, 0.57
385, 0.49
386, 0.37
387, 0.52
388, 0.57
389, 0.37
390, 0.65
391, 0.57
392, 0.62
393, 0.43
394, 0.51
395, 0.54
396, 0.49
397, 0.56
398, 0.56
399, 0.43
400, 0.52
401, 0.34
402, 0.60
403, 0.53
404, 0.33
405, 0.56
406, 0.25
407, 0.69
408, 0.38
409, 0.52
410, 0.35
411, 0.53
412, 0.58
413, 0.53
414, 0.24
415, 0.54
416, 0.41
417, 0.55
418, 0.44
419, 0.42
420, 0.61
421, 0.52
422, 0.46
423, 0.46
424, 0.60
425, 0.52
426, 0.52
427, 0.59
428, 0.69
429, 0.24
430, 0.46
431, 0.54
432, 0.45
433, 0.22
434, 0.68
435, 0.54
436, 0.57
437, 0.43
438, 0.42
439, 0.32
440, 0.61
441, 0.36
442, 0.41
443, 0.48
444, 0.59
445, 0.55
446, 0.52
447, 0.29
448, 0.55
449, 0.54
450, 0.37
451, 0.38
452, 0.52
453, 0.43
454, 0.39
455, 0.43
456, 0.56
457, 0.49
458, 0.60
459, 0.48
460, 0.60
461, 0.57
462, 0.51
463, 0.63
464, 0.66
465, 0.60
466, 0.56
467, 0.48
468, 0.65
469, 0.52
470, 0.40
471, 0.56
472, 0.45
473, 0.51
474, 0.61
475, 0.59
476, 0.60
477, 0.57
478, 0.41
479, 0.50
480, 0.54
481, 0.64
482, 0.65
483, 0.57
484, 0.42
485, 0.54
486, 0.28
487, 0.63
488, 0.44
489, 0.52
490, 0.27
491, 0.59
492, 0.44
493, 0.57
494, 0.50
495, 0.44
496, 0.44
497, 0.57
498, 0.62
499, 0.70
500, 0.65
501, 0.33
502, 0.41
503, 0.55
504, 0.71
505, 0.64
506, 0.41
507, 0.61
508, 0.52
509, 0.48
510, 0.58
511, 0.51
512, 0.43
513, 0.51
514, 0.45
515, 0.59
516, 0.31
517, 0.58
518, 0.43
519, 0.50
520, 0.58
521, 0.58
522, 0.37
523, 0.46
524, 0.69
525, 0.53
526, 0.48
527, 0.55
528, 0.47
529, 0.48
530, 0.48
531, 0.46
532, 0.53
533, 0.55
534, 0.54
535, 0.60
536, 0.48
537, 0.54
538, 0.61
539, 0.39
540, 0.65
541, 0.45
542, 0.53
543, 0.66
544, 0.45
545, 0.45
546, 0.54
547, 0.48
548, 0.46
549, 0.49
550, 0.43
551, 0.46
552, 0.66
553, 0.16
554, 0.59
555, 0.39
556, 0.23
557, 0.59
558, 0.63
559, 0.50
560, 0.54
561, 0.35
562, 0.59
563, 0.62
564, 0.44
565, 0.66
566, 0.19
567, 0.67
568, 0.33
569, 0.66
570, 0.49
571, 0.66
572, 0.55
573, 0.34
574, 0.34
575, 0.50
576, 0.60
577, 0.63
578, 0.44
579, 0.61
580, 0.52
581, 0.62
582, 0.50
583, 0.50
584, 0.42
585, 0.42
586, 0.33
587, 0.56
588, 0.66
589, 0.37
590, 0.52
591, 0.64
592, 0.64
593, 0.60
594, 0.49
595, 0.49
596, 0.45
597, 0.47
598, 0.50
599, 0.59
600, 0.43
601, 0.66
602, 0.58
603, 0.35
604, 0.56
605, 0.34
606, 0.46
607, 0.30
608, 0.60
609, 0.31
610, 0.46
611, 0.54
612, 0.44
613, 0.42
614, 0.64
615, 0.46
616, 0.35
617, 0.47
618, 0.32
619, 0.34
620, 0.48
621, 0.54
622, 0.53
623, 0.51
624, 0.40
625, 0.39
626, 0.51
627, 0.65
628, 0.49
629, 0.53
630, 0.50
631, 0.34
632, 0.26
633, 0.51
634, 0.57
635, 0.43
636, 0.68
637, 0.32
638, 0.30
639, 0.47
640, 0.37
641, 0.56
642, 0.51
643, 0.52
644, 0.51
645, 0.59
646, 0.33
647, 0.40
648, 0.59
649, 0.54
650, 0.35
651, 0.50
652, 0.46
653, 0.55
654, 0.59
655, 0.36
656, 0.49
657, 0.62
658, 0.60
659, 0.55
660, 0.70
661, 0.51
662, 0.49
663, 0.57
664, 0.30
665, 0.49
666, 0.34
667, 0.58
668, 0.68
669, 0.62
670, 0.25
671, 0.54
672, 0.56
673, 0.65
674, 0.41
675, 0.71
676, 0.31
677, 0.51
678, 0.44
679, 0.58
680, 0.58
681, 0.64
682, 0.46
683, 0.48
684, 0.32
685, 0.55
686, 0.41
687, 0.58
688, 0.42
689, 0.48
690, 0.51
691, 0.53
692, 0.52
693, 0.37
694, 0.54
695, 0.47
696, 0.61
697, 0.52
698, 0.37
699, 0.46
700, 0.31
701, 0.41
702, 0.41
703, 0.52
704, 0.41
705, 0.56
706, 0.42
707, 0.34
708, 0.44
709, 0.52
710, 0.60
711, 0.61
712, 0.52
713, 0.51
714, 0.54
715, 0.41
716, 0.39
717, 0.53
718, 0.52
719, 0.42
720, 0.41
721, 0.53
722, 0.40
723, 0.40
724, 0.34
725, 0.55
726, 0.49
727, 0.48
728, 0.55
729, 0.37
730, 0.48
731, 0.24
732, 0.43
733, 0.64
734, 0.39
735, 0.43
736, 0.55
737, 0.47
738, 0.55
739, 0.38
740, 0.58
741, 0.25
742, 0.51
743, 0.27
744, 0.56
745, 0.42
746, 0.40
747, 0.58
748, 0.28
749, 0.56
750, 0.42
751, 0.35
752, 0.61
753, 0.63
754, 0.51
755, 0.47
756, 0.62
757, 0.62
758, 0.42
759, 0.56
760, 0.31
761, 0.53
762, 0.50
763, 0.35
764, 0.33
765, 0.30
766, 0.60
767, 0.48
768, 0.39
769, 0.53
770, 0.60
771, 0.60
772, 0.47
773, 0.54
774, 0.65
775, 0.73
776, 0.61
777, 0.45
778, 0.59
779, 0.45
780, 0.47
781, 0.58
782, 0.57
783, 0.50
784, 0.56
785, 0.47
786, 0.47
787, 0.45
788, 0.49
789, 0.24
790, 0.52
791, 0.49
792, 0.56
793, 0.37
794, 0.52
795, 0.66
796, 0.44
797, 0.51
798, 0.63
799, 0.68
800, 0.46
801, 0.59
802, 0.61
803, 0.47
804, 0.33
805, 0.36
806, 0.18
807, 0.57
808, 0.29
809, 0.31
810, 0.53
811, 0.59
812, 0.64
813, 0.26
814, 0.50
815, 0.41
816, 0.44
817, 0.42
818, 0.36
819, 0.49
820, 0.52
821, 0.35
822, 0.46
823, 0.43
824, 0.37
825, 0.51
826, 0.43
827, 0.55
828, 0.62
829, 0.56
830, 0.38
831, 0.64
832, 0.48
833, 0.52
834, 0.59
835, 0.57
836, 0.68
837, 0.51
838, 0.55
839, 0.52
840, 0.50
841, 0.40
842, 0.48
843, 0.39
844, 0.42
845, 0.60
846, 0.55
847, 0.28
848, 0.36
849, 0.57
850, 0.42
851, 0.39
852, 0.56
853, 0.51
854, 0.59
855, 0.60
856, 0.37
857, 0.48
858, 0.56
859, 0.52
860, 0.64
861, 0.42
862, 0.63
863, 0.42
864, 0.56
865, 0.51
866, 0.47
867, 0.27
868, 0.43
869, 0.44
870, 0.52
871, 0.57
872, 0.62
873, 0.62
874, 0.38
875, 0.35
876, 0.48
877, 0.47
878, 0.49
879, 0.47
880, 0.45
881, 0.47
882, 0.48
883, 0.59
884, 0.56
885, 0.51
886, 0.63
887, 0.30
888, 0.55
889, 0.47
890, 0.61
891, 0.53
892, 0.64
893, 0.28
894, 0.59
895, 0.53
896, 0.36
897, 0.43
898, 0.61
899, 0.53
900, 0.41
901, 0.43
902, 0.41
903, 0.53
904, 0.63
905, 0.66
906, 0.49
907, 0.56
908, 0.42
909, 0.54
910, 0.48
911, 0.54
912, 0.40
913, 0.35
914, 0.35
915, 0.52
916, 0.51
917, 0.58
918, 0.37
919, 0.57
920, 0.48
921, 0.51
922, 0.59
923, 0.55
924, 0.65
925, 0.53
926, 0.56
927, 0.65
928, 0.27
929, 0.54
930, 0.50
931, 0.45
932, 0.41
933, 0.37
934, 0.60
935, 0.45
936, 0.63
937, 0.47
938, 0.44
939, 0.47
940, 0.50
941, 0.25
942, 0.57
943, 0.45
944, 0.36
945, 0.46
946, 0.64
947, 0.56
948, 0.40
949, 0.62
950, 0.51
951, 0.53
952, 0.37
953, 0.58
954, 0.31
955, 0.52
956, 0.56
957, 0.47
958, 0.56
959, 0.55
960, 0.48
961, 0.51
962, 0.44
963, 0.44
964, 0.49
965, 0.38
966, 0.44
967, 0.55
968, 0.40
969, 0.48
970, 0.50
971, 0.33
972, 0.50
973, 0.41
974, 0.53
975, 0.54
976, 0.58
977, 0.54
978, 0.48
979, 0.41
980, 0.43
981, 0.51
982, 0.42
983, 0.38
984, 0.37
985, 0.48
986, 0.27
987, 0.37
988, 0.60
989, 0.61
990, 0.29
991, 0.65
992, 0.49
993, 0.57
994, 0.42
995, 0.50
996, 0.57
997, 0.50
998, 0.31
999, 0.48
1000, 0.34
1001, 0.61
1002, 0.41
1003, 0.50
1004, 0.65
1005, 0.61
1006, 0.44
1007, 0.61
1008, 0.57
1009, 0.45
1010, 0.32
1011, 0.46
1012, 0.63
1013, 0.36
1014, 0.39
1015, 0.52
1016, 0.59
1017, 0.51
1018, 0.53
1019, 0.58
1020, 0.40
1021, 0.60
1022, 0.48
1023, 0.56
1024, 0.48
1025, 0.48
1026, 0.68
1027, 0.51
1028, 0.64
1029, 0.50
1030, 0.43
1031, 0.66
1032, 0.52
1033, 0.55
1034, 0.60
1035, 0.50
1036, 0.46
1037, 0.48
1038, 0.46
1039, 0.56
1040, 0.42
1041, 0.51
1042, 0.68
1043, 0.51
1044, 0.37
1045, 0.55
1046, 0.30
1047, 0.50
1048, 0.36
1049, 0.46
1050, 0.46
1051, 0.56
1052, 0.58
1053, 0.36
1054, 0.37
1055, 0.68
1056, 0.30
1057, 0.51
1058, 0.45
1059, 0.50
1060, 0.60
1061, 0.51
1062, 0.54
1063, 0.44
1064, 0.56
1065, 0.39
1066, 0.64
1067, 0.39
1068, 0.55
1069, 0.52
1070, 0.58
1071, 0.62
1072, 0.54
1073, 0.57
1074, 0.45
1075, 0.39
1076, 0.38
1077, 0.47
1078, 0.51
1079, 0.35
1080, 0.59
1081, 0.52
1082, 0.47
1083, 0.54
1084, 0.45
1085, 0.50
1086, 0.56
1087, 0.61
1088, 0.56
1089, 0.66
1090, 0.55
1091, 0.51
1092, 0.44
1093, 0.34
1094, 0.54
1095, 0.49
1096, 0.35
1097, 0.57
1098, 0.42
1099, 0.47
1100, 0.53
1101, 0.40
1102, 0.57
1103, 0.59
1104, 0.51
1105, 0.41
1106, 0.31
1107, 0.43
1108, 0.45
1109, 0.36
1110, 0.58
1111, 0.51
1112, 0.64
1113, 0.48
1114, 0.52
1115, 0.57
1116, 0.36
1117, 0.35
1118, 0.39
1119, 0.63
1120, 0.52
1121, 0.36
1122, 0.68
1123, 0.55
1124, 0.48
1125, 0.47
1126, 0.56
1127, 0.50
1128, 0.61
1129, 0.54
1130, 0.45
1131, 0.51
1132, 0.58
1133, 0.51
1134, 0.45
1135, 0.40
1136, 0.50
1137, 0.54
1138, 0.51
1139, 0.46
1140, 0.56
1141, 0.43
1142, 0.44
1143, 0.56
1144, 0.52
1145, 0.42
1146, 0.44
1147, 0.56
1148, 0.55
1149, 0.68
1150, 0.52
1151, 0.35
1152, 0.64
1153, 0.36
1154, 0.32
1155, 0.55
1156, 0.37
1157, 0.53
1158, 0.44
1159, 0.48
1160, 0.48
1161, 0.55
1162, 0.37
1163, 0.51
1164, 0.61
1165, 0.61
1166, 0.54
1167, 0.37
1168, 0.53
1169, 0.63
1170, 0.41
1171, 0.51
1172, 0.61
1173, 0.59
1174, 0.60
1175, 0.47
1176, 0.62
1177, 0.32
1178, 0.33
1179, 0.48
1180, 0.47
1181, 0.45
1182, 0.44
1183, 0.66
1184, 0.58
1185, 0.54
1186, 0.70
1187, 0.39
1188, 0.56
1189, 0.56
1190, 0.49
1191, 0.58
1192, 0.66
1193, 0.54
1194, 0.54
1195, 0.55
1196, 0.37
1197, 0.26
1198, 0.44
1199, 0.70
1200, 0.50
1201, 0.54
1202, 0.45
1203, 0.60
1204, 0.41
1205, 0.54
1206, 0.41
1207, 0.48
1208, 0.38
1209, 0.24
1210, 0.50
1211, 0.44
1212, 0.63
1213, 0.57
1214, 0.40
1215, 0.62
1216, 0.52
1217, 0.25
1218, 0.50
1219, 0.40
1220, 0.28
1221, 0.67
1222, 0.54
1223, 0.51
1224, 0.55
1225, 0.45
1226, 0.58
1227, 0.31
1228, 0.63
1229, 0.46
1230, 0.36
1231, 0.35
1232, 0.56
1233, 0.52
1234, 0.61
1235, 0.50
1236, 0.48
1237, 0.52
1238, 0.55
1239, 0.56
1240, 0.51
1241, 0.62
1242, 0.57
1243, 0.56
1244, 0.40
1245, 0.52
1246, 0.43
1247, 0.28
1248, 0.55
1249, 0.61
1250, 0.59
1251, 0.53
1252, 0.54
1253, 0.59
1254, 0.48
1255, 0.53
1256, 0.69
1257, 0.58
1258, 0.62
1259, 0.35
1260, 0.35
1261, 0.65
1262, 0.42
1263, 0.42
1264, 0.59
1265, 0.58
1266, 0.57
1267, 0.49
1268, 0.56
1269, 0.35
1270, 0.49
1271, 0.45
1272, 0.55
1273, 0.57
1274, 0.60
1275, 0.38
1276, 0.57
1277, 0.37
1278, 0.51
1279, 0.54
1280, 0.42
1281, 0.36
1282, 0.31
1283, 0.53
1284, 0.53
1285, 0.49
1286, 0.55
1287, 0.58
1288, 0.58
1289, 0.48
1290, 0.52
1291, 0.52
1292, 0.45
1293, 0.68
1294, 0.64
1295, 0.55
1296, 0.51
1297, 0.55
1298, 0.40
1299, 0.34
1300, 0.31
1301, 0.62
1302, 0.35
1303, 0.35
1304, 0.41
1305, 0.49
1306, 0.64
1307, 0.45
1308, 0.51
1309, 0.25
1310, 0.50
1311, 0.46
1312, 0.26
1313, 0.54
1314, 0.61
1315, 0.58
1316, 0.32
1317, 0.28
1318, 0.48
1319, 0.46
1320, 0.53
1321, 0.50
1322, 0.34
1323, 0.53
1324, 0.34
1325, 0.38
1326, 0.46
1327, 0.49
1328, 0.58
1329, 0.59
1330, 0.51
1331, 0.53
1332, 0.60
1333, 0.49
1334, 0.63
1335, 0.61
1336, 0.41
1337, 0.50
1338, 0.56
1339, 0.61
1340, 0.55
1341, 0.36
1342, 0.45
1343, 0.62
1344, 0.53
1345, 0.63
1346, 0.42
1347, 0.54
1348, 0.37
1349, 0.41
1350, 0.51
1351, 0.51
1352, 0.31
1353, 0.44
1354, 0.50
1355, 0.52
1356, 0.42
1357, 0.51
1358, 0.56
1359, 0.34
1360, 0.52
1361, 0.45
1362, 0.58
1363, 0.62
1364, 0.51
1365, 0.56
1366, 0.53
1367, 0.66
1368, 0.46
1369, 0.53
1370, 0.59
1371, 0.40
1372, 0.59
1373, 0.46
1374, 0.29
1375, 0.66
1376, 0.53
1377, 0.43
1378, 0.48
1379, 0.48
1380, 0.52
1381, 0.51
1382, 0.24
1383, 0.57
1384, 0.42
1385, 0.58
1386, 0.58
1387, 0.47
1388, 0.52
1389, 0.47
1390, 0.55
1391, 0.66
1392, 0.43
1393, 0.40
1394, 0.67
1395, 0.47
1396, 0.56
1397, 0.58
1398, 0.38
1399, 0.51
1400, 0.34
1401, 0.44
1402, 0.46
1403, 0.59
1404, 0.28
1405, 0.26
1406, 0.38
1407, 0.57
1408, 0.52
1409, 0.45
1410, 0.57
1411, 0.51
1412, 0.61
1413, 0.51
1414, 0.58
1415, 0.38
1416, 0.67
1417, 0.46
1418, 0.49
1419, 0.55
1420, 0.57
1421, 0.35
1422, 0.53
1423, 0.45
1424, 0.44
1425, 0.61
1426, 0.42
1427, 0.58
1428, 0.57
1429, 0.53
1430, 0.45
1431, 0.57
1432, 0.61
1433, 0.54
1434, 0.57
1435, 0.34
1436, 0.35
1437, 0.61
1438, 0.44
1439, 0.47
1440, 0.50
1441, 0.37
1442, 0.22
1443, 0.31
1444, 0.48
1445, 0.30
1446, 0.37
1447, 0.29
1448, 0.56
1449, 0.35
1450, 0.41
1451, 0.50
1452, 0.56
1453, 0.64
1454, 0.43
1455, 0.46
1456, 0.45
1457, 0.59
1458, 0.30
1459, 0.55
1460, 0.39
1461, 0.64
1462, 0.40
1463, 0.52
1464, 0.48
1465, 0.42
1466, 0.51
1467, 0.30
1468, 0.55
1469, 0.52
1470, 0.35
1471, 0.33
1472, 0.53
1473, 0.38
1474, 0.49
1475, 0.60
1476, 0.46
1477, 0.54
1478, 0.47
1479, 0.46
1480, 0.62
1481, 0.53
1482, 0.44
1483, 0.63
1484, 0.29
1485, 0.63
1486, 0.53
1487, 0.66
1488, 0.32
1489, 0.53
1490, 0.32
1491, 0.49
1492, 0.53
1493, 0.50
1494, 0.63
1495, 0.61
1496, 0.40
1497, 0.66
1498, 0.31
1499, 0.37
1500, 0.44
1501, 0.41
1502, 0.43
1503, 0.63
1504, 0.63
1505, 0.35
1506, 0.54
1507, 0.59
1508, 0.55
1509, 0.49
1510, 0.62
1511, 0.32
1512, 0.28
1513, 0.44
1514, 0.69
1515, 0.56
1516, 0.48
1517, 0.85
1518, 0.60
1519, 0.40
1520, 0.45
1521, 0.55
1522, 0.58
1523, 0.29
1524, 0.46
1525, 0.49
1526, 0.44
1527, 0.34
1528, 0.51
1529, 0.63
1530, 0.55
1531, 0.60
1532, 0.40
1533, 0.54
1534, 0.58
1535, 0.43
1536, 0.50
1537, 0.64
1538, 0.64
1539, 0.45
1540, 0.47
1541, 0.60
1542, 0.61
1543, 0.38
1544, 0.54
1545, 0.45
1546, 0.55
1547, 0.39
1548, 0.61
1549, 0.59
1550, 0.35
1551, 0.56
1552, 0.58
1553, 0.47
1554, 0.53
1555, 0.29
1556, 0.44
1557, 0.69
1558, 0.41
1559, 0.41
1560, 0.61
1561, 0.42
1562, 0.33
1563, 0.21
1564, 0.59
1565, 0.54
1566, 0.52
1567, 0.56
1568, 0.53
1569, 0.65
1570, 0.55
1571, 0.50
1572, 0.63
1573, 0.31
1574, 0.36
1575, 0.45
1576, 0.65
1577, 0.66
1578, 0.63
1579, 0.52
1580, 0.43
1581, 0.46
1582, 0.50
1583, 0.53
1584, 0.35
1585, 0.45
1586, 0.33
1587, 0.54
1588, 0.53
1589, 0.52
1590, 0.37
1591, 0.55
1592, 0.51
1593, 0.59
1594, 0.57
1595, 0.19
1596, 0.57
1597, 0.59
1598, 0.56
1599, 0.47
1600, 0.33
1601, 0.37
1602, 0.60
1603, 0.53
1604, 0.51
1605, 0.32
1606, 0.60
1607, 0.48
1608, 0.36
1609, 0.42
1610, 0.60
1611, 0.48
1612, 0.43
1613, 0.40
1614, 0.52
1615, 0.57
1616, 0.58
1617, 0.53
1618, 0.70
1619, 0.54
1620, 0.63
1621, 0.43
1622, 0.53
1623, 0.56
1624, 0.62
1625, 0.65
1626, 0.48
1627, 0.62
1628, 0.53
1629, 0.48
1630, 0.63
1631, 0.52
1632, 0.42
1633, 0.42
1634, 0.59
1635, 0.44
1636, 0.65
1637, 0.42
1638, 0.45
1639, 0.58
1640, 0.35
1641, 0.55
1642, 0.56
1643, 0.52
1644, 0.53
1645, 0.42
1646, 0.35
1647, 0.70
1648, 0.57
1649, 0.37
1650, 0.42
1651, 0.31
1652, 0.31
1653, 0.62
1654, 0.47
1655, 0.53
1656, 0.41
1657, 0.35
1658, 0.59
1659, 0.59
1660, 0.61
1661, 0.25
1662, 0.49
1663, 0.47
1664, 0.57
1665, 0.62
1666, 0.48
1667, 0.53
1668, 0.46
1669, 0.53
1670, 0.55
1671, 0.63
1672, 0.51
1673, 0.53
1674, 0.64
1675, 0.20
1676, 0.25
1677, 0.40
1678, 0.49
1679, 0.46
1680, 0.53
1681, 0.56
1682, 0.61
1683, 0.33
1684, 0.41
1685, 0.58
1686, 0.61
1687, 0.42
1688, 0.36
1689, 0.51
1690, 0.61
1691, 0.65
1692, 0.56
1693, 0.39
1694, 0.59
1695, 0.53
1696, 0.52
1697, 0.66
1698, 0.40
1699, 0.55
1700, 0.49
1701, 0.56
1702, 0.58
1703, 0.64
1704, 0.44
1705, 0.45
1706, 0.61
1707, 0.43
1708, 0.46
1709, 0.51
1710, 0.56
1711, 0.55
1712, 0.53
1713, 0.41
1714, 0.55
1715, 0.53
1716, 0.69
1717, 0.52
1718, 0.30
1719, 0.37
1720, 0.52
1721, 0.50
1722, 0.52
1723, 0.42
1724, 0.43
1725, 0.55
1726, 0.56
1727, 0.43
1728, 0.43
1729, 0.55
1730, 0.40
1731, 0.46
1732, 0.57
1733, 0.57
1734, 0.47
1735, 0.50
1736, 0.52
1737, 0.41
1738, 0.57
1739, 0.49
1740, 0.51
1741, 0.62
1742, 0.62
1743, 0.33
1744, 0.34
1745, 0.47
1746, 0.40
1747, 0.45
1748, 0.47
1749, 0.51
1750, 0.55
1751, 0.42
1752, 0.42
1753, 0.54
1754, 0.56
1755, 0.70
1756, 0.43
1757, 0.59
1758, 0.53
1759, 0.67
1760, 0.60
1761, 0.58
1762, 0.36
1763, 0.59
1764, 0.67
1765, 0.39
1766, 0.51
1767, 0.55
1768, 0.45
1769, 0.45
1770, 0.48
1771, 0.40
1772, 0.46
1773, 0.40
1774, 0.48
1775, 0.37
1776, 0.48
1777, 0.48
1778, 0.64
1779, 0.45
1780, 0.56
1781, 0.65
1782, 0.48
1783, 0.45
1784, 0.37
1785, 0.59
1786, 0.55
1787, 0.59
1788, 0.50
1789, 0.44
1790, 0.51
1791, 0.26
1792, 0.49
1793, 0.45
1794, 0.48
1795, 0.35
1796, 0.38
1797, 0.55
1798, 0.52
1799, 0.54
1800, 0.54
1801, 0.48
1802, 0.59
1803, 0.64
1804, 0.39
1805, 0.46
1806, 0.66
1807, 0.53
1808, 0.49
1809, 0.56
1810, 0.58
1811, 0.50
1812, 0.60
1813, 0.60
1814, 0.33
1815, 0.53
1816, 0.26
1817, 0.57
1818, 0.58
1819, 0.46
1820, 0.55
1821, 0.55
1822, 0.57
1823, 0.22
1824, 0.56
1825, 0.52
1826, 0.55
1827, 0.37
1828, 0.33
1829, 0.44
1830, 0.48
1831, 0.49
1832, 0.43
1833, 0.65
1834, 0.55
1835, 0.32
1836, 0.59
1837, 0.49
1838, 0.41
1839, 0.41
1840, 0.40
1841, 0.48
1842, 0.45
1843, 0.42
1844, 0.47
1845, 0.58
1846, 0.45
1847, 0.44
1848, 0.52
1849, 0.48
1850, 0.47
1851, 0.44
1852, 0.55
1853, 0.60
1854, 0.65
1855, 0.52
1856, 0.60
1857, 0.27
1858, 0.21
1859, 0.59
1860, 0.28
1861, 0.35
1862, 0.58
1863, 0.29
1864, 0.50
1865, 0.61
1866, 0.63
1867, 0.36
1868, 0.45
1869, 0.57
1870, 0.48
1871, 0.56
1872, 0.47
1873, 0.53
1874, 0.32
1875, 0.33
1876, 0.69
1877, 0.55
1878, 0.53
1879, 0.64
1880, 0.63
1881, 0.47
1882, 0.62
1883, 0.38
1884, 0.78
1885, 0.33
1886, 0.47
1887, 0.31
1888, 0.48
1889, 0.54
1890, 0.55
1891, 0.59
1892, 0.67
1893, 0.56
1894, 0.40
1895, 0.58
1896, 0.50
1897, 0.35
1898, 0.44
1899, 0.58
1900, 0.53
1901, 0.49
1902, 0.59
1903, 0.51
1904, 0.31
1905, 0.52
1906, 0.54
1907, 0.53
1908, 0.50
1909, 0.65
1910, 0.53
1911, 0.34
1912, 0.63
1913, 0.50
1914, 0.38
1915, 0.39
1916, 0.60
1917, 0.59
1918, 0.40
1919, 0.55
1920, 0.34
1921, 0.64
1922, 0.61
1923, 0.43
1924, 0.63
1925, 0.32
1926, 0.50
1927, 0.53
1928, 0.46
1929, 0.50
1930, 0.35
1931, 0.48
1932, 0.40
1933, 0.62
1934, 0.55
1935, 0.49
1936, 0.47
1937, 0.49
1938, 0.50
1939, 0.57
1940, 0.53
1941, 0.49
1942, 0.56
1943, 0.61
1944, 0.60
1945, 0.43
1946, 0.57
1947, 0.37
1948, 0.51
1949, 0.55
1950, 0.52
1951, 0.38
1952, 0.55
1953, 0.48
1954, 0.50
1955, 0.43
1956, 0.60
1957, 0.39
1958, 0.57
1959, 0.56
1960, 0.41
1961, 0.67
1962, 0.48
1963, 0.56
1964, 0.59
1965, 0.54
1966, 0.32
1967, 0.46
1968, 0.44
1969, 0.51
1970, 0.63
1971, 0.63
1972, 0.57
1973, 0.34
1974, 0.60
1975, 0.57
1976, 0.43
1977, 0.33
1978, 0.34
1979, 0.57
1980, 0.48
1981, 0.58
1982, 0.49
1983, 0.48
1984, 0.40
1985, 0.47
1986, 0.53
1987, 0.43
1988, 0.35
1989, 0.50
1990, 0.59
1991, 0.60
1992, 0.66
1993, 0.56
1994, 0.57
1995, 0.50
1996, 0.45
1997, 0.48
1998, 0.60
1999, 0.40
2000, 0.47
2001, 0.35
2002, 0.44
2003, 0.47
2004, 0.57
2005, 0.63
2006, 0.62
2007, 0.67
2008, 0.53
2009, 0.49
2010, 0.63
2011, 0.52
2012, 0.57
2013, 0.54
2014, 0.58
2015, 0.52
2016, 0.39
2017, 0.41
2018, 0.71
2019, 0.45
2020, 0.36
2021, 0.51
2022, 0.52
2023, 0.33
2024, 0.44
2025, 0.52
2026, 0.49
2027, 0.56
2028, 0.58
2029, 0.53
2030, 0.29
2031, 0.61
2032, 0.45
2033, 0.36
2034, 0.48
2035, 0.41
2036, 0.53
2037, 0.38
2038, 0.53
2039, 0.44
2040, 0.40
2041, 0.41
2042, 0.56
2043, 0.58
2044, 0.44
2045, 0.34
2046, 0.58
2047, 0.66
2048, 0.40
2049, 0.52
2050, 0.36
2051, 0.37
2052, 0.44
2053, 0.60
2054, 0.32
2055, 0.48
2056, 0.49
2057, 0.30
2058, 0.44
2059, 0.42
2060, 0.23
2061, 0.57
2062, 0.37
2063, 0.60
2064, 0.45
2065, 0.57
2066, 0.26
2067, 0.55
2068, 0.33
2069, 0.36
2070, 0.63
2071, 0.44
2072, 0.27
2073, 0.47
2074, 0.51
2075, 0.39
2076, 0.51
2077, 0.43
2078, 0.53
2079, 0.54
2080, 0.58
2081, 0.57
2082, 0.53
2083, 0.42
2084, 0.54
2085, 0.19
2086, 0.33
2087, 0.59
2088, 0.71
2089, 0.43
2090, 0.54
2091, 0.59
2092, 0.57
2093, 0.58
2094, 0.40
2095, 0.44
2096, 0.47
2097, 0.44
2098, 0.44
2099, 0.46
2100, 0.27
2101, 0.51
2102, 0.48
2103, 0.48
2104, 0.22
2105, 0.26
2106, 0.59
2107, 0.60
2108, 0.44
2109, 0.57
2110, 0.57
2111, 0.58
2112, 0.50
2113, 0.38
2114, 0.41
2115, 0.64
2116, 0.50
2117, 0.54
2118, 0.33
2119, 0.53
2120, 0.32
2121, 0.36
2122, 0.42
2123, 0.49
2124, 0.48
2125, 0.55
2126, 0.60
2127, 0.57
2128, 0.54
2129, 0.49
2130, 0.58
2131, 0.50
2132, 0.46
2133, 0.62
2134, 0.59
2135, 0.61
2136, 0.64
2137, 0.64
2138, 0.56
2139, 0.53
2140, 0.36
2141, 0.75
2142, 0.46
2143, 0.39
2144, 0.51
2145, 0.52
2146, 0.48
2147, 0.56
2148, 0.51
2149, 0.49
2150, 0.37
2151, 0.60
2152, 0.55
2153, 0.50
2154, 0.69
2155, 0.56
2156, 0.48
2157, 0.57
2158, 0.51
2159, 0.39
2160, 0.51
2161, 0.55
2162, 0.50
2163, 0.22
2164, 0.32
2165, 0.48
2166, 0.60
2167, 0.61
2168, 0.59
2169, 0.57
2170, 0.31
2171, 0.54
2172, 0.33
2173, 0.57
2174, 0.69
2175, 0.56
2176, 0.64
2177, 0.58
2178, 0.54
2179, 0.52
2180, 0.57
2181, 0.50
2182, 0.61
2183, 0.54
2184, 0.48
2185, 0.54
2186, 0.53
2187, 0.37
2188, 0.57
2189, 0.49
2190, 0.40
2191, 0.44
2192, 0.39
2193, 0.62
2194, 0.51
2195, 0.40
2196, 0.64
2197, 0.27
2198, 0.47
2199, 0.47
2200, 0.38
2201, 0.54
2202, 0.67
2203, 0.57
2204, 0.47
2205, 0.50
2206, 0.42
2207, 0.52
2208, 0.46
2209, 0.24
2210, 0.66
2211, 0.42
2212, 0.64
2213, 0.44
2214, 0.39
2215, 0.45
2216, 0.34
2217, 0.63
2218, 0.54
2219, 0.51
2220, 0.66
2221, 0.55
2222, 0.53
2223, 0.45
2224, 0.35
2225, 0.54
2226, 0.36
2227, 0.61
2228, 0.32
2229, 0.38
2230, 0.55
2231, 0.60
2232, 0.53
2233, 0.47
2234, 0.36
2235, 0.51
2236, 0.36
2237, 0.35
2238, 0.41
2239, 0.53
2240, 0.65
2241, 0.53
2242, 0.59
2243, 0.63
2244, 0.38
2245, 0.56
2246, 0.51
2247, 0.46
2248, 0.36
2249, 0.63
2250, 0.64
2251, 0.46
2252, 0.47
2253, 0.52
2254, 0.28
2255, 0.58
2256, 0.49
2257, 0.44
2258, 0.44
2259, 0.33
2260, 0.49
2261, 0.60
2262, 0.36
2263, 0.42
2264, 0.42
2265, 0.54
2266, 0.60
2267, 0.40
2268, 0.59
2269, 0.56
2270, 0.50
2271, 0.43
2272, 0.63
2273, 0.37
2274, 0.43
2275, 0.43
2276, 0.53
2277, 0.36
2278, 0.65
2279, 0.26
2280, 0.52
2281, 0.65
2282, 0.66
2283, 0.52
2284, 0.54
2285, 0.42
2286, 0.38
2287, 0.54
2288, 0.53
2289, 0.68
2290, 0.65
2291, 0.47
2292, 0.51
2293, 0.63
2294, 0.58
2295, 0.51
2296, 0.60
2297, 0.48
2298, 0.55
2299, 0.36
2300, 0.62
2301, 0.43
2302, 0.24
2303, 0.44
2304, 0.36
2305, 0.39
2306, 0.34
2307, 0.53
2308, 0.54
2309, 0.62
2310, 0.52
2311, 0.58
2312, 0.39
2313, 0.45
2314, 0.52
2315, 0.39
2316, 0.43
2317, 0.45
2318, 0.61
2319, 0.43
2320, 0.51
2321, 0.52
2322, 0.38
2323, 0.43
2324, 0.41
2325, 0.48
2326, 0.26
2327, 0.29
2328, 0.46
2329, 0.43
2330, 0.59
2331, 0.56
2332, 0.54
2333, 0.53
2334, 0.35
2335, 0.32
2336, 0.54
2337, 0.45
2338, 0.50
2339, 0.50
2340, 0.44
2341, 0.62
2342, 0.35
2343, 0.58
2344, 0.58
2345, 0.51
2346, 0.64
2347, 0.58
2348, 0.64
2349, 0.38
2350, 0.46
2351, 0.59
2352, 0.50
2353, 0.56
2354, 0.54
2355, 0.51
2356, 0.28
2357, 0.58
2358, 0.49
2359, 0.37
2360, 0.45
2361, 0.62
2362, 0.53
2363, 0.64
2364, 0.48
2365, 0.59
2366, 0.37
2367, 0.33
2368, 0.54
2369, 0.47
2370, 0.57
2371, 0.51
2372, 0.61
2373, 0.37
2374, 0.30
2375, 0.63
2376, 0.52
2377, 0.44
2378, 0.43
2379, 0.58
2380, 0.54
2381, 0.30
2382, 0.47
2383, 0.50
2384, 0.52
2385, 0.56
2386, 0.43
2387, 0.63
2388, 0.45
2389, 0.44
2390, 0.57
2391, 0.50
2392, 0.42
2393, 0.42
2394, 0.40
2395, 0.50
2396, 0.44
2397, 0.38
2398, 0.64
2399, 0.28
2400, 0.37
2401, 0.47
2402, 0.47
2403, 0.31
2404, 0.37
2405, 0.50
2406, 0.52
2407, 0.58
2408, 0.66
2409, 0.47
2410, 0.47
2411, 0.54
2412, 0.42
2413, 0.48
2414, 0.49
2415, 0.33
2416, 0.60
2417, 0.40
2418, 0.59
2419, 0.65
2420, 0.50
2421, 0.54
2422, 0.59
2423, 0.50
2424, 0.51
2425, 0.51
2426, 0.43
2427, 0.65
2428, 0.51
2429, 0.58
2430, 0.46
2431, 0.58
2432, 0.59
2433, 0.58
2434, 0.49
2435, 0.54
2436, 0.55
2437, 0.42
2438, 0.48
2439, 0.48
2440, 0.26
2441, 0.41
2442, 0.56
2443, 0.53
2444, 0.37
2445, 0.42
2446, 0.57
2447, 0.50
2448, 0.49
2449, 0.65
2450, 0.53
2451, 0.43
2452, 0.33
2453, 0.32
2454, 0.39
2455, 0.54
2456, 0.62
2457, 0.61
2458, 0.45
2459, 0.46
2460, 0.51
2461, 0.71
2462, 0.46
2463, 0.69
2464, 0.62
2465, 0.45
2466, 0.27
2467, 0.55
2468, 0.49
2469, 0.54
2470, 0.55
2471, 0.50
2472, 0.63
2473, 0.52
2474, 0.49
2475, 0.43
2476, 0.58
2477, 0.52
2478, 0.43
2479, 0.58
2480, 0.61
2481, 0.46
2482, 0.46
2483, 0.38
2484, 0.54
2485, 0.43
2486, 0.57
2487, 0.51
2488, 0.48
2489, 0.48
2490, 0.49
2491, 0.33
2492, 0.47
2493, 0.48
2494, 0.50
2495, 0.38
2496, 0.38
2497, 0.54
2498, 0.61
2499, 0.39
2500, 0.63
2501, 0.50
2502, 0.28
2503, 0.38
2504, 0.45
2505, 0.47
2506, 0.51
2507, 0.57
2508, 0.34
2509, 0.50
2510, 0.55
2511, 0.44
2512, 0.48
2513, 0.63
2514, 0.66
2515, 0.37
2516, 0.65
2517, 0.54
2518, 0.49
2519, 0.45
2520, 0.48
2521, 0.32
2522, 0.42
2523, 0.49
2524, 0.38
2525, 0.57
2526, 0.18
2527, 0.60
2528, 0.55
2529, 0.45
2530, 0.54
2531, 0.51
2532, 0.55
2533, 0.40
2534, 0.56
2535, 0.46
2536, 0.43
2537, 0.56
2538, 0.55
2539, 0.65
2540, 0.48
2541, 0.56
2542, 0.37
2543, 0.57
2544, 0.61
2545, 0.58
2546, 0.41
2547, 0.52
2548, 0.60
2549, 0.34
2550, 0.58
2551, 0.52
2552, 0.51
2553, 0.59
2554, 0.16
2555, 0.52
2556, 0.33
2557, 0.47
2558, 0.47
2559, 0.46
2560, 0.53
2561, 0.31
2562, 0.67
2563, 0.61
2564, 0.32
2565, 0.53
2566, 0.37
2567, 0.44
2568, 0.38
2569, 0.52
2570, 0.46
2571, 0.46
2572, 0.47
2573, 0.57
2574, 0.37
2575, 0.53
2576, 0.68
2577, 0.57
2578, 0.51
2579, 0.50
2580, 0.41
2581, 0.57
2582, 0.42
2583, 0.54
2584, 0.51
2585, 0.40
2586, 0.66
2587, 0.51
2588, 0.39
2589, 0.38
2590, 0.46
2591, 0.49
2592, 0.62
2593, 0.50
2594, 0.48
2595, 0.66
2596, 0.22
2597, 0.54
2598, 0.48
2599, 0.39
2600, 0.35
2601, 0.40
2602, 0.52
2603, 0.52
2604, 0.34
2605, 0.43
2606, 0.65
2607, 0.46
2608, 0.58
2609, 0.54
2610, 0.40
2611, 0.41
2612, 0.42
2613, 0.52
2614, 0.57
2615, 0.54
2616, 0.62
2617, 0.58
2618, 0.54
2619, 0.36
2620, 0.48
2621, 0.49
2622, 0.47
2623, 0.51
2624, 0.32
2625, 0.41
2626, 0.50
2627, 0.62
2628, 0.58
2629, 0.52
2630, 0.64
2631, 0.55
2632, 0.57
2633, 0.70
2634, 0.62
2635, 0.26
2636, 0.37
2637, 0.59
2638, 0.36
2639, 0.50
2640, 0.71
2641, 0.68
2642, 0.59
2643, 0.50
2644, 0.38
2645, 0.56
2646, 0.43
2647, 0.53
2648, 0.64
2649, 0.54
2650, 0.63
2651, 0.36
2652, 0.54
2653, 0.33
2654, 0.64
2655, 0.53
2656, 0.60
2657, 0.63
2658, 0.59
2659, 0.59
2660, 0.53
2661, 0.42
2662, 0.63
2663, 0.49
2664, 0.50
2665, 0.60
2666, 0.40
2667, 0.37
2668, 0.60
2669, 0.39
2670, 0.53
2671, 0.65
2672, 0.38
2673, 0.44
2674, 0.44
2675, 0.35
2676, 0.38
2677, 0.52
2678, 0.55
2679, 0.54
2680, 0.50
2681, 0.55
2682, 0.56
2683, 0.56
2684, 0.52
2685, 0.47
2686, 0.65
2687, 0.58
2688, 0.37
2689, 0.45
2690, 0.48
2691, 0.63
2692, 0.53
2693, 0.39
2694, 0.51
2695, 0.44
2696, 0.47
2697, 0.59
2698, 0.62
2699, 0.73
2700, 0.48
2701, 0.43
2702, 0.43
2703, 0.48
2704, 0.44
2705, 0.52
2706, 0.59
2707, 0.39
2708, 0.59
2709, 0.65
2710, 0.58
2711, 0.37
2712, 0.60
2713, 0.57
2714, 0.45
2715, 0.62
2716, 0.38
2717, 0.29
2718, 0.63
2719, 0.36
2720, 0.60
2721, 0.61
2722, 0.55
2723, 0.57
2724, 0.49
2725, 0.38
2726, 0.49
2727, 0.55
2728, 0.47
2729, 0.49
2730, 0.58
2731, 0.57
2732, 0.60
2733, 0.40
2734, 0.52
2735, 0.40
2736, 0.36
2737, 0.54
2738, 0.50
2739, 0.47
2740, 0.45
2741, 0.60
2742, 0.47
2743, 0.44
2744, 0.31
2745, 0.53
2746, 0.20
2747, 0.55
2748, 0.62
2749, 0.47
2750, 0.57
2751, 0.32
2752, 0.57
2753, 0.51
2754, 0.57
2755, 0.63
2756, 0.33
2757, 0.61
2758, 0.66
2759, 0.53
2760, 0.56
2761, 0.61
2762, 0.58
2763, 0.28
2764, 0.49
2765, 0.50
2766, 0.41
2767, 0.51
2768, 0.65
2769, 0.46
2770, 0.45
2771, 0.02
2772, 0.50
2773, 0.61
2774, 0.53
2775, 0.53
2776, 0.56
2777, 0.57
2778, 0.62
2779, 0.49
2780, 0.53
2781, 0.54
2782, 0.34
2783, 0.61
2784, 0.57
2785, 0.48
2786, 0.60
2787, 0.60
2788, 0.61
2789, 0.55
2790, 0.53
2791, 0.58
2792, 0.63
2793, 0.61
2794, 0.55
2795, 0.60
2796, 0.51
2797, 0.56
2798, 0.47
2799, 0.51
2800, 0.60
2801, 0.41
2802, 0.46
2803, 0.62
2804, 0.33
2805, 0.53
2806, 0.36
2807, 0.44
2808, 0.58
2809, 0.43
2810, 0.41
2811, 0.41
2812, 0.32
2813, 0.46
2814, 0.55
2815, 0.50
2816, 0.58
2817, 0.55
2818, 0.36
2819, 0.48
2820, 0.62
2821, 0.60
2822, 0.50
2823, 0.31
2824, 0.39
2825, 0.33
2826, 0.66
2827, 0.43
2828, 0.48
2829, 0.55
2830, 0.31
2831, 0.61
2832, 0.54
2833, 0.43
2834, 0.67
2835, 0.57
2836, 0.34
2837, 0.54
2838, 0.61
2839, 0.44
2840, 0.58
2841, 0.39
2842, 0.55
2843, 0.61
2844, 0.40
2845, 0.56
2846, 0.53
2847, 0.41
2848, 0.71
2849, 0.55
2850, 0.54
2851, 0.65
2852, 0.55
2853, 0.63
2854, 0.45
2855, 0.41
2856, 0.38
2857, 0.60
2858, 0.52
2859, 0.39
2860, 0.43
2861, 0.34
2862, 0.33
2863, 0.43
2864, 0.65
2865, 0.65
2866, 0.59
2867, 0.38
2868, 0.55
2869, 0.43
2870, 0.32
2871, 0.28
2872, 0.45
2873, 0.47
2874, 0.52
2875, 0.44
2876, 0.39
2877, 0.43
2878, 0.62
2879, 0.48
2880, 0.49
2881, 0.55
2882, 0.58
2883, 0.58
2884, 0.61
2885, 0.43
2886, 0.44
2887, 0.60
2888, 0.51
2889, 0.62
2890, 0.54
2891, 0.57
2892, 0.60
2893, 0.59
2894, 0.41
2895, 0.53
2896, 0.72
2897, 0.32
2898, 0.65
2899, 0.55
2900, 0.34
2901, 0.46
2902, 0.62
2903, 0.57
2904, 0.60
2905, 0.43
2906, 0.53
2907, 0.60
2908, 0.48
2909, 0.44
2910, 0.66
2911, 0.58
2912, 0.36
2913, 0.54
2914, 0.41
2915, 0.64
2916, 0.33
2917, 0.37
2918, 0.40
2919, 0.54
2920, 0.49
2921, 0.60
2922, 0.55
2923, 0.38
2924, 0.54
2925, 0.43
2926, 0.33
2927, 0.49
2928, 0.52
2929, 0.49
2930, 0.47
2931, 0.54
2932, 0.28
2933, 0.52
2934, 0.44
2935, 0.39
2936, 0.53
2937, 0.56
2938, 0.57
2939, 0.31
2940, 0.44
2941, 0.39
2942, 0.51
2943, 0.62
2944, 0.46
2945, 0.27
2946, 0.57
2947, 0.38
2948, 0.59
2949, 0.54
2950, 0.27
2951, 0.52
2952, 0.56
2953, 0.59
2954, 0.58
2955, 0.50
2956, 0.50
2957, 0.66
2958, 0.35
2959, 0.33
2960, 0.52
2961, 0.58
2962, 0.52
2963, 0.62
2964, 0.62
2965, 0.46
2966, 0.45
2967, 0.46
2968, 0.47
2969, 0.56
2970, 0.39
2971, 0.53
2972, 0.47
2973, 0.59
2974, 0.55
2975, 0.40
2976, 0.62
2977, 0.60
2978, 0.51
2979, 0.40
2980, 0.41
2981, 0.53
2982, 0.46
2983, 0.40
2984, 0.56
2985, 0.67
2986, 0.64
2987, 0.39
2988, 0.44
2989, 0.27
2990, 0.60
2991, 0.57
2992, 0.60
2993, 0.55
2994, 0.52
2995, 0.63
2996, 0.46
2997, 0.36
2998, 0.44
2999, 0.55
3000, 0.54
3001, 0.34
3002, 0.50
3003, 0.65
3004, 0.49
3005, 0.50
3006, 0.36
3007, 0.60
3008, 0.33
3009, 0.43
3010, 0.40
3011, 0.46
3012, 0.47
3013, 0.46
3014, 0.52
3015, 0.46
3016, 0.37
3017, 0.40
3018, 0.56
3019, 0.42
3020, 0.55
3021, 0.57
3022, 0.55
3023, 0.41
3024, 0.58
3025, 0.49
3026, 0.36
3027, 0.46
3028, 0.36
3029, 0.34
3030, 0.51
3031, 0.52
3032, 0.42
3033, 0.63
3034, 0.54
3035, 0.48
3036, 0.63
3037, 0.49
3038, 0.56
3039, 0.53
3040, 0.57
3041, 0.33
3042, 0.29
3043, 0.47
3044, 0.65
3045, 0.58
3046, 0.47
3047, 0.29
3048, 0.42
3049, 0.41
3050, 0.40
3051, 0.53
3052, 0.62
3053, 0.43
3054, 0.50
3055, 0.36
3056, 0.30
3057, 0.36
3058, 0.72
3059, 0.46
3060, 0.40
3061, 0.66
3062, 0.44
3063, 0.34
3064, 0.24
3065, 0.36
3066, 0.49
3067, 0.66
3068, 0.53
3069, 0.56
3070, 0.60
3071, 0.46
3072, 0.66
3073, 0.47
3074, 0.44
3075, 0.34
3076, 0.54
3077, 0.49
3078, 0.57
3079, 0.50
3080, 0.54
3081, 0.56
3082, 0.64
3083, 0.24
3084, 0.51
3085, 0.47
3086, 0.55
3087, 0.51
3088, 0.59
3089, 0.67
3090, 0.54
3091, 0.47
3092, 0.46
3093, 0.44
3094, 0.68
3095, 0.58
3096, 0.49
3097, 0.51
3098, 0.60
3099, 0.45
3100, 0.64
3101, 0.49
3102, 0.45
3103, 0.51
3104, 0.29
3105, 0.41
3106, 0.53
3107, 0.46
3108, 0.51
3109, 0.37
3110, 0.68
3111, 0.46
3112, 0.49
3113, 0.58
3114, 0.39
3115, 0.55
3116, 0.41
3117, 0.49
3118, 0.36
3119, 0.51
3120, 0.48
3121, 0.47
3122, 0.40
3123, 0.51
3124, 0.64
3125, 0.59
3126, 0.54
3127, 0.48
3128, 0.46
3129, 0.48
3130, 0.55
3131, 0.44
3132, 0.53
3133, 0.81
3134, 0.48
3135, 0.53
3136, 0.51
3137, 0.53
3138, 0.56
3139, 0.33
3140, 0.42
3141, 0.43
3142, 0.48
3143, 0.48
3144, 0.65
3145, 0.36
3146, 0.58
3147, 0.38
3148, 0.53
3149, 0.51
3150, 0.59
3151, 0.56
3152, 0.47
3153, 0.47
3154, 0.59
3155, 0.32
3156, 0.56
3157, 0.66
3158, 0.50
3159, 0.65
3160, 0.63
3161, 0.34
3162, 0.59
3163, 0.39
3164, 0.67
3165, 0.57
3166, 0.57
3167, 0.34
3168, 0.55
3169, 0.43
3170, 0.60
3171, 0.48
3172, 0.52
3173, 0.62
3174, 0.42
3175, 0.60
3176, 0.66
3177, 0.39
3178, 0.53
3179, 0.38
3180, 0.35
3181, 0.48
3182, 0.58
3183, 0.70
3184, 0.46
3185, 0.31
3186, 0.33
3187, 0.40
3188, 0.45
3189, 0.43
3190, 0.53
3191, 0.62
3192, 0.53
3193, 0.37
3194, 0.66
3195, 0.49
3196, 0.44
3197, 0.54
3198, 0.45
3199, 0.45
3200, 0.65
3201, 0.57
3202, 0.49
3203, 0.60
3204, 0.61
3205, 0.47
3206, 0.61
3207, 0.63
3208, 0.50
3209, 0.47
3210, 0.40
3211, 0.65
3212, 0.61
3213, 0.42
3214, 0.48
3215, 0.57
3216, 0.30
3217, 0.42
3218, 0.54
3219, 0.44
3220, 0.60
3221, 0.41
3222, 0.58
3223, 0.54
3224, 0.49
3225, 0.52
3226, 0.59
3227, 0.45
3228, 0.36
3229, 0.58
3230, 0.52
3231, 0.58
3232, 0.65
3233, 0.56
3234, 0.60
3235, 0.57
3236, 0.55
3237, 0.48
3238, 0.53
3239, 0.47
3240, 0.53
3241, 0.47
3242, 0.46
3243, 0.26
3244, 0.50
3245, 0.42
3246, 0.63
3247, 0.54
3248, 0.45
3249, 0.65
3250, 0.33
3251, 0.57
3252, 0.68
3253, 0.50
3254, 0.66
3255, 0.52
3256, 0.46
3257, 0.60
3258, 0.63
3259, 0.45
3260, 0.36
3261, 0.34
3262, 0.50
3263, 0.49
3264, 0.46
3265, 0.58
3266, 0.59
3267, 0.33
3268, 0.54
3269, 0.52
3270, 0.57
3271, 0.35
3272, 0.48
3273, 0.42
3274, 0.64
3275, 0.62
3276, 0.55
3277, 0.39
3278, 0.40
3279, 0.57
3280, 0.54
3281, 0.48
3282, 0.53
3283, 0.41
3284, 0.46
3285, 0.61
3286, 0.64
3287, 0.61
3288, 0.44
3289, 0.55
3290, 0.45
3291, 0.62
3292, 0.64
3293, 0.62
3294, 0.50
3295, 0.34
3296, 0.40
3297, 0.53
3298, 0.51
3299, 0.56
3300, 0.45
3301, 0.54
3302, 0.43
3303, 0.49
3304, 0.55
3305, 0.42
3306, 0.44
3307, 0.56
3308, 0.38
3309, 0.41
3310, 0.67
3311, 0.45
3312, 0.53
3313, 0.60
3314, 0.52
3315, 0.63
3316, 0.39
3317, 0.62
3318, 0.51
3319, 0.30
3320, 0.57
3321, 0.53
3322, 0.64
3323, 0.56
3324, 0.51
3325, 0.37
3326, 0.39
3327, 0.33
3328, 0.54
3329, 0.33
3330, 0.40
3331, 0.59
3332, 0.43
3333, 0.36
3334, 0.46
3335, 0.57
3336, 0.48
3337, 0.37
3338, 0.41
3339, 0.59
3340, 0.56
3341, 0.44
3342, 0.52
3343, 0.41
3344, 0.47
3345, 0.60
3346, 0.57
3347, 0.53
3348, 0.40
3349, 0.52
3350, 0.37
3351, 0.51
3352, 0.27
3353, 0.41
3354, 0.31
3355, 0.37
3356, 0.70
3357, 0.54
3358, 0.42
3359, 0.50
3360, 0.60
3361, 0.64
3362, 0.53
3363, 0.35
3364, 0.43
3365, 0.57
3366, 0.57
3367, 0.58
3368, 0.36
3369, 0.64
3370, 0.68
3371, 0.44
3372, 0.53
3373, 0.53
3374, 0.55
3375, 0.51
3376, 0.43
3377, 0.49
3378, 0.45
3379, 0.52
3380, 0.42
3381, 0.57
3382, 0.54
3383, 0.41
3384, 0.27
3385, 0.51
3386, 0.55
3387, 0.58
3388, 0.48
3389, 0.41
3390, 0.40
3391, 0.46
3392, 0.54
3393, 0.39
3394, 0.37
3395, 0.56
3396, 0.63
3397, 0.51
3398, 0.37
3399, 0.54
3400, 0.66
3401, 0.40
3402, 0.66
3403, 0.48
3404, 0.50
3405, 0.44
3406, 0.33
3407, 0.40
3408, 0.36
3409, 0.37
3410, 0.46
3411, 0.56
3412, 0.57
3413, 0.65
3414, 0.65
3415, 0.45
3416, 0.41
3417, 0.50
3418, 0.47
3419, 0.50
3420, 0.41
3421, 0.42
3422, 0.63
3423, 0.52
3424, 0.53
3425, 0.66
3426, 0.64
3427, 0.54
3428, 0.54
3429, 0.63
3430, 0.55
3431, 0.45
3432, 0.39
3433, 0.51
3434, 0.42
3435, 0.56
3436, 0.38
3437, 0.66
3438, 0.34
3439, 0.50
3440, 0.57
3441, 0.45
3442, 0.43
3443, 0.31
3444, 0.38
3445, 0.53
3446, 0.61
3447, 0.59
3448, 0.57
3449, 0.40
3450, 0.43
3451, 0.56
3452, 0.30
3453, 0.50
3454, 0.65
3455, 0.63
3456, 0.28
3457, 0.53
3458, 0.54
3459, 0.44
3460, 0.65
3461, 0.40
3462, 0.49
3463, 0.57
3464, 0.50
3465, 0.42
3466, 0.52
3467, 0.46
3468, 0.37
3469, 0.55
3470, 0.45
3471, 0.55
3472, 0.47
3473, 0.46
3474, 0.61
3475, 0.60
3476, 0.54
3477, 0.32
3478, 0.56
3479, 0.58
3480, 0.60
3481, 0.42
3482, 0.48
3483, 0.52
3484, 0.65
3485, 0.64
3486, 0.64
3487, 0.57
3488, 0.42
3489, 0.45
3490, 0.63
3491, 0.49
3492, 0.61
3493, 0.51
3494, 0.39
3495, 0.51
3496, 0.63
3497, 0.41
3498, 0.56
3499, 0.39
3500, 0.39
3501, 0.49
3502, 0.51
3503, 0.47
3504, 0.33
3505, 0.62
3506, 0.55
3507, 0.38
3508, 0.48
3509, 0.47
3510, 0.41
3511, 0.46
3512, 0.39
3513, 0.59
3514, 0.59
3515, 0.30
3516, 0.61
3517, 0.48
3518, 0.51
3519, 0.50
3520, 0.54
3521, 0.56
3522, 0.49
3523, 0.59
3524, 0.57
3525, 0.60
3526, 0.47
3527, 0.52
3528, 0.56
3529, 0.40
3530, 0.47
3531, 0.47
3532, 0.49
3533, 0.58
3534, 0.52
3535, 0.52
3536, 0.40
3537, 0.49
3538, 0.43
3539, 0.35
3540, 0.43
3541, 0.54
3542, 0.42
3543, 0.62
3544, 0.39
3545, 0.54
3546, 0.45
3547, 0.57
3548, 0.57
3549, 0.22
3550, 0.52
3551, 0.46
3552, 0.57
3553, 0.56
3554, 0.67
3555, 0.39
3556, 0.63
3557, 0.23
3558, 0.53
3559, 0.58
3560, 0.63
3561, 0.60
3562, 0.35
3563, 0.33
3564, 0.37
3565, 0.59
3566, 0.42
3567, 0.46
3568, 0.36
3569, 0.59
3570, 0.41
3571, 0.48
3572, 0.41
3573, 0.66
3574, 0.57
3575, 0.49
3576, 0.51
3577, 0.27
3578, 0.49
3579, 0.42
3580, 0.44
3581, 0.59
3582, 0.39
3583, 0.50
3584, 0.61
3585, 0.56
3586, 0.54
3587, 0.42
3588, 0.33
3589, 0.58
3590, 0.35
3591, 0.52
3592, 0.49
3593, 0.38
3594, 0.44
3595, 0.62
3596, 0.55
3597, 0.31
3598, 0.31
3599, 0.55
3600, 0.57
3601, 0.32
3602, 0.39
3603, 0.61
3604, 0.32
3605, 0.51
3606, 0.45
3607, 0.33
3608, 0.40
3609, 0.57
3610, 0.34
3611, 0.46
3612, 0.46
3613, 0.43
3614, 0.40
3615, 0.64
3616, 0.52
3617, 0.53
3618, 0.54
3619, 0.43
3620, 0.46
3621, 0.41
3622, 0.50
3623, 0.57
3624, 0.37
3625, 0.58
3626, 0.54
3627, 0.54
3628, 0.43
3629, 0.50
3630, 0.54
3631, 0.60
3632, 0.57
3633, 0.58
3634, 0.54
3635, 0.56
3636, 0.54
3637, 0.43
3638, 0.54
3639, 0.41
3640, 0.50
3641, 0.51
3642, 0.60
3643, 0.61
3644, 0.57
3645, 0.40
3646, 0.61
3647, 0.52
3648, 0.58
3649, 0.48
3650, 0.58
3651, 0.50
3652, 0.45
3653, 0.66
3654, 0.70
3655, 0.60
3656, 0.48
3657, 0.59
3658, 0.44
3659, 0.51
3660, 0.73
3661, 0.52
3662, 0.31
3663, 0.62
3664, 0.49
3665, 0.45
3666, 0.55
3667, 0.61
3668, 0.49
3669, 0.46
3670, 0.42
3671, 0.60
3672, 0.54
3673, 0.50
3674, 0.56
3675, 0.57
3676, 0.27
3677, 0.58
3678, 0.52
3679, 0.36
3680, 0.53
3681, 0.71
3682, 0.24
3683, 0.54
3684, 0.50
3685, 0.50
3686, 0.44
3687, 0.41
3688, 0.47
3689, 0.48
3690, 0.40
3691, 0.42
3692, 0.43
3693, 0.34
3694, 0.58
3695, 0.43
3696, 0.49
3697, 0.51
3698, 0.56
3699, 0.51
3700, 0.64
3701, 0.40
3702, 0.54
3703, 0.45
3704, 0.53
3705, 0.61
3706, 0.50
3707, 0.49
3708, 0.53
3709, 0.36
3710, 0.38
3711, 0.60
3712, 0.54
3713, 0.52
3714, 0.46
3715, 0.52
3716, 0.49
3717, 0.60
3718, 0.35
3719, 0.55
3720, 0.61
3721, 0.62
3722, 0.59
3723, 0.48
3724, 0.43
3725, 0.34
3726, 0.43
3727, 0.60
3728, 0.54
3729, 0.37
3730, 0.60
3731, 0.55
3732, 0.57
3733, 0.55
3734, 0.55
3735, 0.47
3736, 0.52
3737, 0.50
3738, 0.52
3739, 0.51
3740, 0.57
3741, 0.23
3742, 0.45
3743, 0.53
3744, 0.53
3745, 0.63
3746, 0.56
3747, 0.67
3748, 0.45
3749, 0.54
3750, 0.57
3751, 0.57
3752, 0.56
3753, 0.61
3754, 0.57
3755, 0.48
3756, 0.34
3757, 0.47
3758, 0.54
3759, 0.44
3760, 0.25
3761, 0.37
3762, 0.58
3763, 0.56
3764, 0.35
3765, 0.57
3766, 0.34
3767, 0.47
3768, 0.51
3769, 0.67
3770, 0.53
3771, 0.34
3772, 0.46
3773, 0.44
3774, 0.58
3775, 0.51
3776, 0.53
3777, 0.59
3778, 0.41
3779, 0.61
3780, 0.53
3781, 0.45
3782, 0.61
3783, 0.60
3784, 0.51
3785, 0.62
3786, 0.58
3787, 0.51
3788, 0.41
3789, 0.49
3790, 0.53
3791, 0.41
3792, 0.46
3793, 0.58
3794, 0.36
3795, 0.50
3796, 0.56
3797, 0.56
3798, 0.68
3799, 0.51
3800, 0.68
3801, 0.43
3802, 0.49
3803, 0.54
3804, 0.59
3805, 0.39
3806, 0.43
3807, 0.55
3808, 0.60
3809, 0.61
3810, 0.41
3811, 0.49
3812, 0.57
3813, 0.33
3814, 0.60
3815, 0.62
3816, 0.33
3817, 0.41
3818, 0.35
3819, 0.47
3820, 0.53
3821, 0.61
3822, 0.43
3823, 0.54
3824, 0.56
3825, 0.36
3826, 0.46
3827, 0.47
3828, 0.66
3829, 0.48
3830, 0.37
3831, 0.48
3832, 0.24
3833, 0.53
3834, 0.67
3835, 0.32
3836, 0.65
3837, 0.47
3838, 0.51
3839, 0.31
3840, 0.39
3841, 0.48
3842, 0.61
3843, 0.63
3844, 0.40
3845, 0.25
3846, 0.49
3847, 0.54
3848, 0.33
3849, 0.52
3850, 0.47
3851, 0.51
3852, 0.51
3853, 0.55
3854, 0.48
3855, 0.52
3856, 0.59
3857, 0.58
3858, 0.61
3859, 0.58
3860, 0.55
3861, 0.58
3862, 0.30
3863, 0.52
3864, 0.39
3865, 0.38
3866, 0.50
3867, 0.59
3868, 0.57
3869, 0.56
3870, 0.59
3871, 0.44
3872, 0.32
3873, 0.63
3874, 0.54
3875, 0.63
3876, 0.46
3877, 0.54
3878, 0.58
3879, 0.43
3880, 0.54
3881, 0.36
3882, 0.48
3883, 0.50
3884, 0.42
3885, 0.55
3886, 0.33
3887, 0.38
3888, 0.53
3889, 0.62
3890, 0.56
3891, 0.56
3892, 0.61
3893, 0.70
3894, 0.50
3895, 0.53
3896, 0.49
3897, 0.49
3898, 0.52
3899, 0.48
3900, 0.43
3901, 0.61
3902, 0.50
3903, 0.42
3904, 0.55
3905, 0.50
3906, 0.56
3907, 0.58
3908, 0.60
3909, 0.63
3910, 0.51
3911, 0.41
3912, 0.40
3913, 0.45
3914, 0.40
3915, 0.55
3916, 0.42
3917, 0.37
3918, 0.64
3919, 0.52
3920, 0.49
3921, 0.56
3922, 0.51
3923, 0.54
3924, 0.46
3925, 0.55
3926, 0.21
3927, 0.52
3928, 0.49
3929, 0.51
3930, 0.43
3931, 0.56
3932, 0.57
3933, 0.43
3934, 0.51
3935, 0.35
3936, 0.57
3937, 0.49
3938, 0.46
3939, 0.43
3940, 0.50
3941, 0.41
3942, 0.46
3943, 0.49
3944, 0.66
3945, 0.53
3946, 0.42
3947, 0.57
3948, 0.29
3949, 0.56
3950, 0.44
3951, 0.61
3952, 0.57
3953, 0.46
3954, 0.52
3955, 0.22
3956, 0.42
3957, 0.46
3958, 0.42
3959, 0.66
3960, 0.44
3961, 0.58
3962, 0.41
3963, 0.55
3964, 0.55
3965, 0.48
3966, 0.50
3967, 0.48
3968, 0.52
3969, 0.44
3970, 0.52
3971, 0.38
3972, 0.55
3973, 0.51
3974, 0.39
3975, 0.57
3976, 0.57
3977, 0.52
3978, 0.62
3979, 0.48
3980, 0.36
3981, 0.67
3982, 0.43
3983, 0.62
3984, 0.53
3985, 0.59
3986, 0.48
3987, 0.39
3988, 0.56
3989, 0.56
3990, 0.42
3991, 0.52
3992, 0.52
3993, 0.53
3994, 0.60
3995, 0.40
3996, 0.35
3997, 0.46
3998, 0.58
3999, 0.51
4000, 0.41
4001, 0.30
4002, 0.52
4003, 0.63
4004, 0.30
4005, 0.60
4006, 0.40
4007, 0.54
4008, 0.52
4009, 0.59
4010, 0.38
4011, 0.45
4012, 0.49
4013, 0.56
4014, 0.31
4015, 0.67
4016, 0.45
4017, 0.40
4018, 0.55
4019, 0.63
4020, 0.53
4021, 0.52
4022, 0.36
4023, 0.49
4024, 0.28
4025, 0.56
4026, 0.64
4027, 0.52
4028, 0.39
4029, 0.72
4030, 0.47
4031, 0.33
4032, 0.45
4033, 0.61
4034, 0.45
4035, 0.52
4036, 0.63
4037, 0.53
4038, 0.60
4039, 0.42
4040, 0.68
4041, 0.57
4042, 0.43
4043, 0.48
4044, 0.62
4045, 0.33
4046, 0.56
4047, 0.47
4048, 0.54
4049, 0.33
4050, 0.58
4051, 0.49
4052, 0.34
4053, 0.25
4054, 0.59
4055, 0.34
4056, 0.62
4057, 0.57
4058, 0.67
4059, 0.58
4060, 0.47
4061, 0.33
4062, 0.52
4063, 0.27
4064, 0.48
4065, 0.54
4066, 0.57
4067, 0.41
4068, 0.69
4069, 0.62
4070, 0.27
4071, 0.61
4072, 0.53
4073, 0.64
4074, 0.60
4075, 0.52
4076, 0.33
4077, 0.35
4078, 0.66
4079, 0.51
4080, 0.49
4081, 0.52
4082, 0.49
4083, 0.49
4084, 0.61
4085, 0.58
4086, 0.54
4087, 0.48
4088, 0.41
4089, 0.57
4090, 0.54
4091, 0.59
4092, 0.57
4093, 0.57
4094, 0.61
4095, 0.44
4096, 0.52
4097, 0.44
4098, 0.67
4099, 0.36
4100, 0.45
4101, 0.41
4102, 0.59
4103, 0.32
4104, 0.34
4105, 0.31
4106, 0.69
4107, 0.55
4108, 0.67
4109, 0.41
4110, 0.66
4111, 0.50
4112, 0.66
4113, 0.50
4114, 0.49
4115, 0.58
4116, 0.64
4117, 0.53
4118, 0.39
4119, 0.51
4120, 0.63
4121, 0.49
4122, 0.46
4123, 0.28
4124, 0.56
4125, 0.46
4126, 0.47
4127, 0.65
4128, 0.48
4129, 0.61
4130, 0.65
4131, 0.53
4132, 0.55
4133, 0.66
4134, 0.58
4135, 0.48
4136, 0.41
4137, 0.65
4138, 0.53
4139, 0.48
4140, 0.47
4141, 0.66
4142, 0.62
4143, 0.50
4144, 0.56
4145, 0.58
4146, 0.65
4147, 0.47
4148, 0.28
4149, 0.31
4150, 0.44
4151, 0.60
4152, 0.56
4153, 0.36
4154, 0.58
4155, 0.63
4156, 0.33
4157, 0.57
4158, 0.44
4159, 0.49
4160, 0.38
4161, 0.29
4162, 0.41
4163, 0.44
4164, 0.44
4165, 0.65
4166, 0.57
4167, 0.48
4168, 0.45
4169, 0.54
4170, 0.63
4171, 0.36
4172, 0.56
4173, 0.50
4174, 0.30
4175, 0.42
4176, 0.57
4177, 0.66
4178, 0.52
4179, 0.63
4180, 0.41
4181, 0.53
4182, 0.41
4183, 0.56
4184, 0.47
4185, 0.58
4186, 0.51
4187, 0.47
4188, 0.54
4189, 0.52
4190, 0.46
4191, 0.55
4192, 0.54
4193, 0.64
4194, 0.51
4195, 0.40
4196, 0.52
4197, 0.51
4198, 0.56
4199, 0.51
4200, 0.48
4201, 0.43
4202, 0.62
4203, 0.46
4204, 0.38
4205, 0.43
4206, 0.53
4207, 0.59
4208, 0.60
4209, 0.37
4210, 0.50
4211, 0.56
4212, 0.57
4213, 0.67
4214, 0.43
4215, 0.57
4216, 0.68
4217, 0.46
4218, 0.67
4219, 0.52
4220, 0.50
4221, 0.52
4222, 0.60
4223, 0.48
4224, 0.43
4225, 0.28
4226, 0.23
4227, 0.47
4228, 0.50
4229, 0.55
4230, 0.57
4231, 0.61
4232, 0.59
4233, 0.48
4234, 0.59
4235, 0.51
4236, 0.39
4237, 0.33
4238, 0.39
4239, 0.64
4240, 0.54
4241, 0.53
4242, 0.64
4243, 0.50
4244, 0.57
4245, 0.53
4246, 0.31
4247, 0.69
4248, 0.49
4249, 0.60
4250, 0.36
4251, 0.50
4252, 0.69
4253, 0.53
4254, 0.56
4255, 0.64
4256, 0.54
4257, 0.64
4258, 0.42
4259, 0.44
4260, 0.57
4261, 0.62
4262, 0.51
4263, 0.41
4264, 0.53
4265, 0.43
4266, 0.64
4267, 0.52
4268, 0.72
4269, 0.43
4270, 0.45
4271, 0.59
4272, 0.39
4273, 0.45
4274, 0.56
4275, 0.41
4276, 0.62
4277, 0.38
4278, 0.32
4279, 0.50
4280, 0.52
4281, 0.46
4282, 0.48
4283, 0.46
4284, 0.43
4285, 0.60
4286, 0.55
4287, 0.46
4288, 0.53
4289, 0.39
4290, 0.51
4291, 0.28
4292, 0.41
4293, 0.45
4294, 0.55
4295, 0.63
4296, 0.57
4297, 0.43
4298, 0.59
4299, 0.12
4300, 0.55
4301, 0.52
4302, 0.49
4303, 0.54
4304, 0.58
4305, 0.68
4306, 0.64
4307, 0.40
4308, 0.47
4309, 0.35
4310, 0.43
4311, 0.51
4312, 0.48
4313, 0.47
4314, 0.47
4315, 0.46
4316, 0.37
4317, 0.42
4318, 0.55
4319, 0.26
4320, 0.38
4321, 0.59
4322, 0.61
4323, 0.64
4324, 0.50
4325, 0.42
4326, 0.49
4327, 0.37
4328, 0.41
4329, 0.49
4330, 0.53
4331, 0.57
4332, 0.58
4333, 0.59
4334, 0.57
4335, 0.55
4336, 0.50
4337, 0.29
4338, 0.38
4339, 0.63
4340, 0.59
4341, 0.63
4342, 0.64
4343, 0.25
4344, 0.48
4345, 0.57
4346, 0.56
4347, 0.55
4348, 0.42
4349, 0.46
4350, 0.42
4351, 0.46
4352, 0.29
4353, 0.56
4354, 0.47
4355, 0.56
4356, 0.38
4357, 0.53
4358, 0.33
4359, 0.55
4360, 0.56
4361, 0.36
4362, 0.61
4363, 0.52
4364, 0.49
4365, 0.49
4366, 0.52
4367, 0.55
4368, 0.59
4369, 0.50
4370, 0.48
4371, 0.44
4372, 0.58
4373, 0.42
4374, 0.45
4375, 0.24
4376, 0.49
4377, 0.56
4378, 0.47
4379, 0.46
4380, 0.50
4381, 0.54
4382, 0.50
4383, 0.38
4384, 0.53
4385, 0.44
4386, 0.59
4387, 0.58
4388, 0.58
4389, 0.57
4390, 0.20
4391, 0.27
4392, 0.56
4393, 0.20
4394, 0.50
4395, 0.52
4396, 0.57
4397, 0.47
4398, 0.42
4399, 0.42
4400, 0.63
4401, 0.44
4402, 0.52
4403, 0.31
4404, 0.54
4405, 0.48
4406, 0.45
4407, 0.39
4408, 0.63
4409, 0.57
4410, 0.56
4411, 0.41
4412, 0.37
4413, 0.46
4414, 0.30
4415, 0.32
4416, 0.44
4417, 0.59
4418, 0.50
4419, 0.59
4420, 0.59
4421, 0.53
4422, 0.51
4423, 0.49
4424, 0.64
4425, 0.59
4426, 0.47
4427, 0.44
4428, 0.34
4429, 0.60
4430, 0.35
4431, 0.50
4432, 0.46
4433, 0.44
4434, 0.49
4435, 0.50
4436, 0.61
4437, 0.61
4438, 0.58
4439, 0.58
4440, 0.64
4441, 0.47
4442, 0.64
4443, 0.66
4444, 0.34
4445, 0.32
4446, 0.48
4447, 0.58
4448, 0.63
4449, 0.58
4450, 0.66
4451, 0.41
4452, 0.47
4453, 0.57
4454, 0.44
4455, 0.34
4456, 0.46
4457, 0.44
4458, 0.60
4459, 0.49
4460, 0.48
4461, 0.61
4462, 0.34
4463, 0.35
4464, 0.56
4465, 0.33
4466, 0.49
4467, 0.47
4468, 0.54
4469, 0.58
4470, 0.59
4471, 0.38
4472, 0.44
4473, 0.53
4474, 0.32
4475, 0.65
4476, 0.62
4477, 0.47
4478, 0.71
4479, 0.61
4480, 0.51
4481, 0.65
4482, 0.52
4483, 0.59
4484, 0.56
4485, 0.29
4486, 0.56
4487, 0.57
4488, 0.39
4489, 0.65
4490, 0.61
4491, 0.59
4492, 0.42
4493, 0.58
4494, 0.36
4495, 0.62
4496, 0.49
4497, 0.60
4498, 0.57
4499, 0.36
4500, 0.31
4501, 0.54
4502, 0.65
4503, 0.54
4504, 0.47
4505, 0.40
4506, 0.37
4507, 0.42
4508, 0.56
4509, 0.44
4510, 0.59
4511, 0.51
4512, 0.47
4513, 0.39
4514, 0.33
4515, 0.45
4516, 0.50
4517, 0.65
4518, 0.64
4519, 0.50
4520, 0.37
4521, 0.56
4522, 0.51
4523, 0.65
4524, 0.39
4525, 0.28
4526, 0.30
4527, 0.54
4528, 0.55
4529, 0.51
4530, 0.42
4531, 0.49
4532, 0.54
4533, 0.47
4534, 0.65
4535, 0.67
4536, 0.55
4537, 0.65
4538, 0.45
4539, 0.29
4540, 0.49
4541, 0.62
4542, 0.23
4543, 0.47
4544, 0.41
4545, 0.66
4546, 0.68
4547, 0.54
4548, 0.55
4549, 0.43
4550, 0.58
4551, 0.39
4552, 0.50
4553, 0.67
4554, 0.60
4555, 0.57
4556, 0.57
4557, 0.58
4558, 0.51
4559, 0.52
4560, 0.51
4561, 0.61
4562, 0.63
4563, 0.64
4564, 0.69
4565, 0.64
4566, 0.47
4567, 0.57
4568, 0.55
4569, 0.61
4570, 0.61
4571, 0.54
4572, 0.60
4573, 0.54
4574, 0.48
4575, 0.52
4576, 0.54
4577, 0.41
4578, 0.35
4579, 0.52
4580, 0.56
4581, 0.51
4582, 0.52
4583, 0.54
4584, 0.42
4585, 0.51
4586, 0.53
4587, 0.63
4588, 0.63
4589, 0.39
4590, 0.23
4591, 0.40
4592, 0.51
4593, 0.40
4594, 0.44
4595, 0.58
4596, 0.50
4597, 0.46
4598, 0.57
4599, 0.56
4600, 0.50
4601, 0.55
4602, 0.54
4603, 0.52
4604, 0.43
4605, 0.50
4606, 0.50
4607, 0.50
4608, 0.44
4609, 0.57
4610, 0.47
4611, 0.55
4612, 0.48
4613, 0.58
4614, 0.56
4615, 0.36
4616, 0.55
4617, 0.51
4618, 0.65
4619, 0.42
4620, 0.48
4621, 0.50
4622, 0.57
4623, 0.54
4624, 0.56
4625, 0.52
4626, 0.64
4627, 0.22
4628, 0.39
4629, 0.61
4630, 0.52
4631, 0.32
4632, 0.55
4633, 0.43
4634, 0.61
4635, 0.49
4636, 0.57
4637, 0.51
4638, 0.56
4639, 0.61
4640, 0.59
4641, 0.44
4642, 0.39
4643, 0.60
4644, 0.47
4645, 0.41
4646, 0.53
4647, 0.40
4648, 0.61
4649, 0.70
4650, 0.60
4651, 0.59
4652, 0.51
4653, 0.52
4654, 0.54
4655, 0.33
4656, 0.52
4657, 0.35
4658, 0.59
4659, 0.35
4660, 0.48
4661, 0.60
4662, 0.53
4663, 0.51
4664, 0.42
4665, 0.42
4666, 0.48
4667, 0.57
4668, 0.39
4669, 0.52
4670, 0.44
4671, 0.57
4672, 0.57
4673, 0.32
4674, 0.66
4675, 0.45
4676, 0.55
4677, 0.55
4678, 0.25
4679, 0.32
4680, 0.35
4681, 0.55
4682, 0.69
4683, 0.59
4684, 0.62
4685, 0.45
4686, 0.61
4687, 0.43
4688, 0.41
4689, 0.58
4690, 0.62
4691, 0.52
4692, 0.54
4693, 0.62
4694, 0.35
4695, 0.49
4696, 0.46
4697, 0.42
4698, 0.40
4699, 0.47
4700, 0.53
4701, 0.59
4702, 0.55
4703, 0.57
4704, 0.35
4705, 0.55
4706, 0.37
4707, 0.54
4708, 0.59
4709, 0.57
4710, 0.61
4711, 0.45
4712, 0.58
4713, 0.54
4714, 0.35
4715, 0.47
4716, 0.57
4717, 0.37
4718, 0.53
4719, 0.63
4720, 0.53
4721, 0.48
4722, 0.41
4723, 0.53
4724, 0.49
4725, 0.28
4726, 0.39
4727, 0.44
4728, 0.54
4729, 0.38
4730, 0.51
4731, 0.42
4732, 0.42
4733, 0.55
4734, 0.50
4735, 0.54
4736, 0.50
4737, 0.58
4738, 0.59
4739, 0.58
4740, 0.36
4741, 0.52
4742, 0.55
4743, 0.51
4744, 0.67
4745, 0.49
4746, 0.60
4747, 0.56
4748, 0.51
4749, 0.66
4750, 0.50
4751, 0.48
4752, 0.68
4753, 0.53
4754, 0.56
4755, 0.60
4756, 0.53
4757, 0.62
4758, 0.66
4759, 0.45
4760, 0.58
4761, 0.51
4762, 0.72
4763, 0.44
4764, 0.44
4765, 0.35
4766, 0.27
4767, 0.51
4768, 0.55
4769, 0.61
4770, 0.48
4771, 0.68
4772, 0.57
4773, 0.53
4774, 0.56
4775, 0.45
4776, 0.47
4777, 0.50
4778, 0.57
4779, 0.58
4780, 0.50
4781, 0.60
4782, 0.58
4783, 0.68
4784, 0.55
4785, 0.57
4786, 0.36
4787, 0.46
4788, 0.48
4789, 0.57
4790, 0.44
4791, 0.54
4792, 0.60
4793, 0.44
4794, 0.37
4795, 0.55
4796, 0.66
4797, 0.52
4798, 0.38
4799, 0.53
4800, 0.50
4801, 0.38
4802, 0.55
4803, 0.30
4804, 0.56
4805, 0.51
4806, 0.58
4807, 0.55
4808, 0.56
4809, 0.55
4810, 0.55
4811, 0.57
4812, 0.47
4813, 0.49
4814, 0.20
4815, 0.55
4816, 0.63
4817, 0.45
4818, 0.47
4819, 0.44
4820, 0.51
4821, 0.38
4822, 0.58
4823, 0.25
4824, 0.64
4825, 0.54
4826, 0.55
4827, 0.45
4828, 0.50
4829, 0.60
4830, 0.53
4831, 0.47
4832, 0.47
4833, 0.67
4834, 0.31
4835, 0.45
4836, 0.56
4837, 0.41
4838, 0.47
4839, 0.31
4840, 0.42
4841, 0.45
4842, 0.39
4843, 0.55
4844, 0.56
4845, 0.47
4846, 0.57
4847, 0.39
4848, 0.61
4849, 0.58
4850, 0.51
4851, 0.35
4852, 0.37
4853, 0.52
4854, 0.39
4855, 0.34
4856, 0.29
4857, 0.61
4858, 0.48
4859, 0.39
4860, 0.60
4861, 0.30
4862, 0.61
4863, 0.47
4864, 0.56
4865, 0.60
4866, 0.59
4867, 0.41
4868, 0.24
4869, 0.52
4870, 0.56
4871, 0.54
4872, 0.47
4873, 0.56
4874, 0.42
4875, 0.49
4876, 0.51
4877, 0.70
4878, 0.53
4879, 0.41
4880, 0.53
4881, 0.47
4882, 0.64
4883, 0.64
4884, 0.54
4885, 0.39
4886, 0.51
4887, 0.62
4888, 0.48
4889, 0.57
4890, 0.34
4891, 0.59
4892, 0.40
4893, 0.59
4894, 0.23
4895, 0.58
4896, 0.40
4897, 0.59
4898, 0.42
4899, 0.53
4900, 0.57
4901, 0.47
4902, 0.47
4903, 0.38
4904, 0.57
4905, 0.45
4906, 0.55
4907, 0.59
4908, 0.42
4909, 0.57
4910, 0.45
4911, 0.52
4912, 0.68
4913, 0.48
4914, 0.51
4915, 0.65
4916, 0.65
4917, 0.53
4918, 0.53
4919, 0.41
4920, 0.42
4921, 0.51
4922, 0.59
4923, 0.70
4924, 0.52
4925, 0.62
4926, 0.25
4927, 0.48
4928, 0.39
4929, 0.67
4930, 0.57
4931, 0.54
4932, 0.52
4933, 0.42
4934, 0.25
4935, 0.51
4936, 0.50
4937, 0.41
4938, 0.55
4939, 0.51
4940, 0.55
4941, 0.62
4942, 0.62
4943, 0.55
4944, 0.49
4945, 0.50
4946, 0.56
4947, 0.57
4948, 0.65
4949, 0.44
4950, 0.63
4951, 0.46
4952, 0.52
4953, 0.55
4954, 0.44
4955, 0.39
4956, 0.49
4957, 0.39
4958, 0.42
4959, 0.41
4960, 0.52
4961, 0.64
4962, 0.47
4963, 0.41
4964, 0.62
4965, 0.52
4966, 0.58
4967, 0.47
4968, 0.69
4969, 0.58
4970, 0.45
4971, 0.54
4972, 0.57
4973, 0.47
4974, 0.49
4975, 0.42
4976, 0.50
4977, 0.44
4978, 0.39
4979, 0.38
4980, 0.54
4981, 0.35
4982, 0.34
4983, 0.59
4984, 0.48
4985, 0.53
4986, 0.41
4987, 0.37
4988, 0.65
4989, 0.54
4990, 0.54
4991, 0.60
4992, 0.31
4993, 0.60
4994, 0.38
4995, 0.48
4996, 0.47
4997, 0.42
4998, 0.52
4999, 0.54
5000, 0.60
5001, 0.43
5002, 0.41
5003, 0.54
5004, 0.54
5005, 0.30
5006, 0.36
5007, 0.51
5008, 0.59
5009, 0.36
5010, 0.52
5011, 0.26
5012, 0.50
5013, 0.47
5014, 0.58
5015, 0.34
5016, 0.48
5017, 0.45
5018, 0.55
5019, 0.61
5020, 0.48
5021, 0.42
5022, 0.51
5023, 0.60
5024, 0.61
5025, 0.61
5026, 0.48
5027, 0.47
5028, 0.45
5029, 0.31
5030, 0.47
5031, 0.51
5032, 0.46
5033, 0.61
5034, 0.29
5035, 0.35
5036, 0.52
5037, 0.46
5038, 0.55
5039, 0.36
5040, 0.60
5041, 0.50
5042, 0.59
5043, 0.30
5044, 0.61
5045, 0.41
5046, 0.36
5047, 0.55
5048, 0.57
5049, 0.57
5050, 0.55
5051, 0.46
5052, 0.45
5053, 0.64
5054, 0.54
5055, 0.63
5056, 0.47
5057, 0.21
5058, 0.52
5059, 0.59
5060, 0.62
5061, 0.36
5062, 0.54
5063, 0.50
5064, 0.47
5065, 0.26
5066, 0.51
5067, 0.61
5068, 0.48
5069, 0.53
5070, 0.57
5071, 0.51
5072, 0.52
5073, 0.56
5074, 0.47
5075, 0.56
5076, 0.48
5077, 0.42
5078, 0.63
5079, 0.60
5080, 0.47
5081, 0.35
5082, 0.32
5083, 0.45
5084, 0.50
5085, 0.49
5086, 0.53
5087, 0.48
5088, 0.59
5089, 0.56
5090, 0.58
5091, 0.56
5092, 0.53
5093, 0.39
5094, 0.56
5095, 0.54
5096, 0.46
5097, 0.39
5098, 0.44
5099, 0.60
5100, 0.51
5101, 0.48
5102, 0.58
5103, 0.50
5104, 0.44
5105, 0.48
5106, 0.58
5107, 0.63
5108, 0.49
5109, 0.61
5110, 0.34
5111, 0.46
5112, 0.50
5113, 0.43
5114, 0.45
5115, 0.47
5116, 0.42
5117, 0.58
5118, 0.53
5119, 0.51
5120, 0.41
5121, 0.59
5122, 0.54
5123, 0.42
5124, 0.48
5125, 0.55
5126, 0.41
5127, 0.39
5128, 0.50
5129, 0.50
5130, 0.60
5131, 0.28
5132, 0.34
5133, 0.58
5134, 0.43
5135, 0.64
5136, 0.40
5137, 0.47
5138, 0.62
5139, 0.54
5140, 0.45
5141, 0.52
5142, 0.60
5143, 0.49
5144, 0.47
5145, 0.58
5146, 0.56
5147, 0.56
5148, 0.60
5149, 0.51
5150, 0.58
5151, 0.55
5152, 0.22
5153, 0.48
5154, 0.66
5155, 0.41
5156, 0.54
5157, 0.45
5158, 0.49
5159, 0.46
5160, 0.21
5161, 0.60
5162, 0.57
5163, 0.33
5164, 0.58
5165, 0.53
5166, 0.35
5167, 0.48
5168, 0.49
5169, 0.51
5170, 0.57
5171, 0.54
5172, 0.26
5173, 0.51
5174, 0.55
5175, 0.58
5176, 0.62
5177, 0.53
5178, 0.46
5179, 0.48
5180, 0.57
5181, 0.58
5182, 0.25
5183, 0.50
5184, 0.55
5185, 0.67
5186, 0.53
5187, 0.30
5188, 0.35
5189, 0.41
5190, 0.57
5191, 0.42
5192, 0.56
5193, 0.45
5194, 0.57
5195, 0.62
5196, 0.32
5197, 0.27
5198, 0.57
5199, 0.59
5200, 0.63
5201, 0.39
5202, 0.30
5203, 0.50
5204, 0.29
5205, 0.58
5206, 0.34
5207, 0.56
5208, 0.46
5209, 0.57
5210, 0.51
5211, 0.58
5212, 0.48
5213, 0.62
5214, 0.44
5215, 0.25
5216, 0.35
5217, 0.43
5218, 0.26
5219, 0.56
5220, 0.40
5221, 0.62
5222, 0.65
5223, 0.55
5224, 0.51
5225, 0.41
5226, 0.56
5227, 0.23
5228, 0.36
5229, 0.26
5230, 0.29
5231, 0.41
5232, 0.51
5233, 0.36
5234, 0.25
5235, 0.56
5236, 0.48
5237, 0.57
5238, 0.30
5239, 0.46
5240, 0.48
5241, 0.26
5242, 0.26
5243, 0.46
5244, 0.67
5245, 0.63
5246, 0.58
5247, 0.59
5248, 0.47
5249, 0.55
5250, 0.48
5251, 0.39
5252, 0.50
5253, 0.42
5254, 0.39
5255, 0.36
5256, 0.67
5257, 0.40
5258, 0.56
5259, 0.54
5260, 0.35
5261, 0.59
5262, 0.48
5263, 0.66
5264, 0.53
5265, 0.49
5266, 0.35
5267, 0.63
5268, 0.42
5269, 0.63
5270, 0.54
5271, 0.44
5272, 0.66
5273, 0.57
5274, 0.42
5275, 0.56
5276, 0.34
5277, 0.34
5278, 0.39
5279, 0.60
5280, 0.53
5281, 0.69
5282, 0.50
5283, 0.55
5284, 0.53
5285, 0.52
5286, 0.37
5287, 0.55
5288, 0.57
5289, 0.53
5290, 0.44
5291, 0.64
5292, 0.35
5293, 0.30
5294, 0.30
5295, 0.35
5296, 0.38
5297, 0.45
5298, 0.45
5299, 0.71
5300, 0.62
5301, 0.50
5302, 0.41
5303, 0.57
5304, 0.59
5305, 0.55
5306, 0.29
5307, 0.34
5308, 0.59
5309, 0.63
5310, 0.46
5311, 0.48
5312, 0.43
5313, 0.52
5314, 0.39
5315, 0.58
5316, 0.53
5317, 0.43
5318, 0.46
5319, 0.62
5320, 0.54
5321, 0.47
5322, 0.58
5323, 0.45
5324, 0.58
5325, 0.52
5326, 0.50
5327, 0.36
5328, 0.40
5329, 0.47
5330, 0.52
5331, 0.53
5332, 0.26
5333, 0.37
5334, 0.47
5335, 0.48
5336, 0.66
5337, 0.60
5338, 0.41
5339, 0.50
5340, 0.34
5341, 0.56
5342, 0.55
5343, 0.46
5344, 0.53
5345, 0.58
5346, 0.55
5347, 0.55
5348, 0.60
5349, 0.48
5350, 0.37
5351, 0.60
5352, 0.57
5353, 0.50
5354, 0.38
5355, 0.61
5356, 0.67
5357, 0.54
5358, 0.48
5359, 0.47
5360, 0.44
5361, 0.35
5362, 0.62
5363, 0.47
5364, 0.35
5365, 0.50
5366, 0.69
5367, 0.59
5368, 0.50
5369, 0.58
5370, 0.64
5371, 0.56
5372, 0.41
5373, 0.56
5374, 0.47
5375, 0.64
5376, 0.54
5377, 0.63
5378, 0.55
5379, 0.39
5380, 0.58
5381, 0.54
5382, 0.38
5383, 0.56
5384, 0.50
5385, 0.50
5386, 0.41
5387, 0.46
5388, 0.14
5389, 0.49
5390, 0.46
5391, 0.58
5392, 0.41
5393, 0.56
5394, 0.50
5395, 0.36
5396, 0.62
5397, 0.45
5398, 0.41
5399, 0.39
5400, 0.54
5401, 0.51
5402, 0.50
5403, 0.41
5404, 0.48
5405, 0.58
5406, 0.48
5407, 0.65
5408, 0.43
5409, 0.43
5410, 0.32
5411, 0.41
5412, 0.65
5413, 0.49
5414, 0.58
5415, 0.56
5416, 0.49
5417, 0.48
5418, 0.46
5419, 0.61
5420, 0.40
5421, 0.42
5422, 0.48
5423, 0.60
5424, 0.66
5425, 0.57
5426, 0.57
5427, 0.54
5428, 0.42
5429, 0.67
5430, 0.44
5431, 0.46
5432, 0.47
5433, 0.50
5434, 0.62
5435, 0.58
5436, 0.50
5437, 0.54
5438, 0.45
5439, 0.43
5440, 0.26
5441, 0.59
5442, 0.62
5443, 0.47
5444, 0.49
5445, 0.45
5446, 0.63
5447, 0.51
5448, 0.41
5449, 0.48
5450, 0.45
5451, 0.55
5452, 0.42
5453, 0.57
5454, 0.59
5455, 0.60
5456, 0.58
5457, 0.60
5458, 0.66
5459, 0.57
5460, 0.54
5461, 0.50
5462, 0.39
5463, 0.64
5464, 0.57
5465, 0.59
5466, 0.45
5467, 0.42
5468, 0.41
5469, 0.33
5470, 0.35
5471, 0.40
5472, 0.62
5473, 0.59
5474, 0.51
5475, 0.49
5476, 0.56
5477, 0.53
5478, 0.48
5479, 0.64
5480, 0.47
5481, 0.70
5482, 0.36
5483, 0.45
5484, 0.58
5485, 0.15
5486, 0.63
5487, 0.65
5488, 0.31
5489, 0.39
5490, 0.69
5491, 0.54
5492, 0.41
5493, 0.46
5494, 0.55
5495, 0.55
5496, 0.68
5497, 0.59
5498, 0.45
5499, 0.33
5500, 0.69
5501, 0.54
5502, 0.56
5503, 0.49
5504, 0.62
5505, 0.59
5506, 0.54
5507, 0.57
5508, 0.49
5509, 0.48
5510, 0.44
5511, 0.45
5512, 0.51
5513, 0.53
5514, 0.66
5515, 0.39
5516, 0.53
5517, 0.34
5518, 0.61
5519, 0.58
5520, 0.47
5521, 0.54
5522, 0.45
5523, 0.45
5524, 0.54
5525, 0.48
5526, 0.41
5527, 0.38
5528, 0.41
5529, 0.50
5530, 0.59
5531, 0.49
5532, 0.56
5533, 0.64
5534, 0.44
5535, 0.52
5536, 0.49
5537, 0.62
5538, 0.50
5539, 0.50
5540, 0.24
5541, 0.25
5542, 0.58
5543, 0.56
5544, 0.63
5545, 0.48
5546, 0.61
5547, 0.42
5548, 0.48
5549, 0.34
5550, 0.34
5551, 0.58
5552, 0.33
5553, 0.37
5554, 0.59
5555, 0.57
5556, 0.47
5557, 0.32
5558, 0.62
5559, 0.49
5560, 0.60
5561, 0.39
5562, 0.56
5563, 0.61
5564, 0.46
5565, 0.47
5566, 0.32
5567, 0.28
5568, 0.49
5569, 0.53
5570, 0.42
5571, 0.43
5572, 0.62
5573, 0.68
5574, 0.60
5575, 0.38
5576, 0.32
5577, 0.38
5578, 0.56
5579, 0.40
5580, 0.49
5581, 0.47
5582, 0.38
5583, 0.52
5584, 0.44
5585, 0.58
5586, 0.54
5587, 0.54
5588, 0.53
5589, 0.56
5590, 0.60
5591, 0.54
5592, 0.40
5593, 0.55
5594, 0.53
5595, 0.65
5596, 0.48
5597, 0.36
5598, 0.48
5599, 0.62
5600, 0.59
5601, 0.62
5602, 0.63
5603, 0.49
5604, 0.47
5605, 0.47
5606, 0.41
5607, 0.44
5608, 0.40
5609, 0.42
5610, 0.40
5611, 0.63
5612, 0.65
5613, 0.52
5614, 0.47
5615, 0.30
5616, 0.48
5617, 0.63
5618, 0.49
5619, 0.62
5620, 0.50
5621, 0.65
5622, 0.36
5623, 0.41
5624, 0.48
5625, 0.51
5626, 0.44
5627, 0.54
5628, 0.50
5629, 0.76
5630, 0.46
5631, 0.56
5632, 0.60
5633, 0.68
5634, 0.40
5635, 0.56
5636, 0.30
5637, 0.35
5638, 0.51
5639, 0.48
5640, 0.54
5641, 0.47
5642, 0.58
5643, 0.51
5644, 0.63
5645, 0.57
5646, 0.24
5647, 0.48
5648, 0.28
5649, 0.48
5650, 0.50
5651, 0.54
5652, 0.44
5653, 0.39
5654, 0.44
5655, 0.49
5656, 0.53
5657, 0.46
5658, 0.62
5659, 0.49
5660, 0.59
5661, 0.67
5662, 0.54
5663, 0.39
5664, 0.43
5665, 0.37
5666, 0.68
5667, 0.40
5668, 0.57
5669, 0.30
5670, 0.57
5671, 0.55
5672, 0.59
5673, 0.31
5674, 0.39
5675, 0.65
5676, 0.53
5677, 0.45
5678, 0.53
5679, 0.65
5680, 0.39
5681, 0.58
5682, 0.45
5683, 0.51
5684, 0.61
5685, 0.60
5686, 0.41
5687, 0.55
5688, 0.62
5689, 0.51
5690, 0.46
5691, 0.56
5692, 0.58
5693, 0.59
5694, 0.41
5695, 0.47
5696, 0.44
5697, 0.47
5698, 0.43
5699, 0.54
5700, 0.44
5701, 0.65
5702, 0.32
5703, 0.61
5704, 0.55
5705, 0.56
5706, 0.41
5707, 0.43
5708, 0.52
5709, 0.43
5710, 0.56
5711, 0.44
5712, 0.69
5713, 0.38
5714, 0.52
5715, 0.50
5716, 0.64
5717, 0.52
5718, 0.46
5719, 0.53
5720, 0.65
5721, 0.50
5722, 0.53
5723, 0.66
5724, 0.47
5725, 0.52
5726, 0.53
5727, 0.25
5728, 0.45
5729, 0.20
5730, 0.53
5731, 0.50
5732, 0.50
5733, 0.53
5734, 0.49
5735, 0.48
5736, 0.55
5737, 0.51
5738, 0.52
5739, 0.45
5740, 0.51
5741, 0.50
5742, 0.40
5743, 0.51
5744, 0.57
5745, 0.56
5746, 0.53
5747, 0.58
5748, 0.39
5749, 0.60
5750, 0.33
5751, 0.53
5752, 0.52
5753, 0.63
5754, 0.60
5755, 0.58
5756, 0.62
5757, 0.62
5758, 0.54
5759, 0.51
5760, 0.41
5761, 0.48
5762, 0.52
5763, 0.40
5764, 0.63
5765, 0.48
5766, 0.47
5767, 0.35
5768, 0.51
5769, 0.67
5770, 0.53
5771, 0.40
5772, 0.49
5773, 0.51
5774, 0.64
5775, 0.53
5776, 0.59
5777, 0.50
5778, 0.43
5779, 0.49
5780, 0.61
5781, 0.43
5782, 0.60
5783, 0.56
5784, 0.40
5785, 0.45
5786, 0.65
5787, 0.59
5788, 0.63
5789, 0.43
5790, 0.63
5791, 0.31
5792, 0.48
5793, 0.60
5794, 0.41
5795, 0.50
5796, 0.34
5797, 0.42
5798, 0.52
5799, 0.51
5800, 0.36
5801, 0.44
5802, 0.58
5803, 0.44
5804, 0.63
5805, 0.50
5806, 0.54
5807, 0.32
5808, 0.35
5809, 0.45
5810, 0.62
5811, 0.54
5812, 0.40
5813, 0.63
5814, 0.61
5815, 0.41
5816, 0.37
5817, 0.46
5818, 0.64
5819, 0.56
5820, 0.55
5821, 0.59
5822, 0.39
5823, 0.44
5824, 0.59
5825, 0.58
5826, 0.57
5827, 0.47
5828, 0.35
5829, 0.66
5830, 0.53
5831, 0.55
5832, 0.64
5833, 0.30
5834, 0.57
5835, 0.39
5836, 0.28
5837, 0.64
5838, 0.41
5839, 0.47
5840, 0.58
5841, 0.48
5842, 0.53
5843, 0.65
5844, 0.43
5845, 0.60
5846, 0.58
5847, 0.35
5848, 0.61
5849, 0.40
5850, 0.39
5851, 0.45
5852, 0.34
5853, 0.51
5854, 0.39
5855, 0.51
5856, 0.59
5857, 0.50
5858, 0.43
5859, 0.46
5860, 0.51
5861, 0.30
5862, 0.46
5863, 0.71
5864, 0.58
5865, 0.52
5866, 0.56
5867, 0.63
5868, 0.44
5869, 0.37
5870, 0.38
5871, 0.64
5872, 0.51
5873, 0.60
5874, 0.33
5875, 0.36
5876, 0.68
5877, 0.60
5878, 0.46
5879, 0.42
5880, 0.56
5881, 0.30
5882, 0.38
5883, 0.65
5884, 0.58
5885, 0.44
5886, 0.40
5887, 0.55
5888, 0.43
5889, 0.37
5890, 0.47
5891, 0.31
5892, 0.46
5893, 0.38
5894, 0.65
5895, 0.38
5896, 0.49
5897, 0.29
5898, 0.49
5899, 0.48
5900, 0.58
5901, 0.43
5902, 0.48
5903, 0.64
5904, 0.45
5905, 0.59
5906, 0.41
5907, 0.44
5908, 0.51
5909, 0.42
5910, 0.56
5911, 0.19
5912, 0.47
5913, 0.55
5914, 0.51
5915, 0.44
5916, 0.41
5917, 0.32
5918, 0.31
5919, 0.41
5920, 0.55
5921, 0.50
5922, 0.54
5923, 0.58
5924, 0.39
5925, 0.45
5926, 0.58
5927, 0.40
5928, 0.42
5929, 0.51
5930, 0.56
5931, 0.44
5932, 0.57
5933, 0.67
5934, 0.53
5935, 0.35
5936, 0.28
5937, 0.55
5938, 0.58
5939, 0.41
5940, 0.32
5941, 0.63
5942, 0.34
5943, 0.51
5944, 0.42
5945, 0.58
5946, 0.52
5947, 0.51
5948, 0.50
5949, 0.54
5950, 0.58
5951, 0.57
5952, 0.38
5953, 0.29
5954, 0.43
5955, 0.47
5956, 0.55
5957, 0.65
5958, 0.49
5959, 0.46
5960, 0.39
5961, 0.47
5962, 0.54
5963, 0.51
5964, 0.77
5965, 0.52
5966, 0.52
5967, 0.41
5968, 0.63
5969, 0.35
5970, 0.48
5971, 0.55
5972, 0.58
5973, 0.34
5974, 0.49
5975, 0.53
5976, 0.36
5977, 0.37
5978, 0.58
5979, 0.47
5980, 0.61
5981, 0.43
5982, 0.55
5983, 0.62
5984, 0.30
5985, 0.53
5986, 0.51
5987, 0.50
5988, 0.53
5989, 0.60
5990, 0.67
5991, 0.69
5992, 0.53
5993, 0.50
5994, 0.57
5995, 0.64
5996, 0.58
5997, 0.48
5998, 0.59
5999, 0.54
6000, 0.68
6001, 0.48
6002, 0.65
6003, 0.54
6004, 0.49
6005, 0.46
6006, 0.43
6007, 0.45
6008, 0.50
6009, 0.57
6010, 0.63
6011, 0.50
6012, 0.38
6013, 0.49
6014, 0.50
6015, 0.53
6016, 0.41
6017, 0.53
6018, 0.49
6019, 0.44
6020, 0.51
6021, 0.36
6022, 0.28
6023, 0.71
6024, 0.56
6025, 0.50
6026, 0.26
6027, 0.58
6028, 0.57
6029, 0.55
6030, 0.45
6031, 0.40
6032, 0.56
6033, 0.46
6034, 0.46
6035, 0.45
6036, 0.68
6037, 0.46
6038, 0.69
6039, 0.48
6040, 0.50
6041, 0.38
6042, 0.51
6043, 0.60
6044, 0.60
6045, 0.39
6046, 0.41
6047, 0.50
6048, 0.61
6049, 0.39
6050, 0.58
6051, 0.51
6052, 0.58
6053, 0.49
6054, 0.52
6055, 0.64
6056, 0.25
6057, 0.56
6058, 0.58
6059, 0.55
6060, 0.37
6061, 0.58
6062, 0.52
6063, 0.48
6064, 0.63
6065, 0.58
6066, 0.41
6067, 0.43
6068, 0.63
6069, 0.42
6070, 0.55
6071, 0.59
6072, 0.47
6073, 0.42
6074, 0.53
6075, 0.37
6076, 0.39
6077, 0.55
6078, 0.58
6079, 0.60
6080, 0.35
6081, 0.58
6082, 0.67
6083, 0.47
6084, 0.45
6085, 0.53
6086, 0.39
6087, 0.51
6088, 0.57
6089, 0.52
6090, 0.49
6091, 0.59
6092, 0.38
6093, 0.57
6094, 0.49
6095, 0.06
6096, 0.59
6097, 0.47
6098, 0.45
6099, 0.55
6100, 0.57
6101, 0.48
6102, 0.45
6103, 0.53
6104, 0.30
6105, 0.33
6106, 0.58
6107, 0.56
6108, 0.43
6109, 0.44
6110, 0.32
6111, 0.51
6112, 0.56
6113, 0.50
6114, 0.42
6115, 0.46
6116, 0.63
6117, 0.54
6118, 0.60
6119, 0.48
6120, 0.40
6121, 0.61
6122, 0.27
6123, 0.39
6124, 0.50
6125, 0.63
6126, 0.56
6127, 0.55
6128, 0.46
6129, 0.40
6130, 0.52
6131, 0.58
6132, 0.48
6133, 0.61
6134, 0.42
6135, 0.54
6136, 0.49
6137, 0.60
6138, 0.52
6139, 0.64
6140, 0.52
6141, 0.55
6142, 0.56
6143, 0.44
6144, 0.53
6145, 0.41
6146, 0.26
6147, 0.41
6148, 0.47
6149, 0.42
6150, 0.48
6151, 0.57
6152, 0.39
6153, 0.61
6154, 0.64
6155, 0.38
6156, 0.36
6157, 0.48
6158, 0.49
6159, 0.33
6160, 0.42
6161, 0.30
6162, 0.59
6163, 0.39
6164, 0.49
6165, 0.60
6166, 0.50
6167, 0.53
6168, 0.59
6169, 0.46
6170, 0.60
6171, 0.58
6172, 0.55
6173, 0.51
6174, 0.27
6175, 0.55
6176, 0.41
6177, 0.50
6178, 0.39
6179, 0.58
6180, 0.60
6181, 0.21
6182, 0.64
6183, 0.40
6184, 0.49
6185, 0.55
6186, 0.61
6187, 0.62
6188, 0.47
6189, 0.61
6190, 0.65
6191, 0.55
6192, 0.53
6193, 0.59
6194, 0.58
6195, 0.58
6196, 0.54
6197, 0.66
6198, 0.56
6199, 0.60
6200, 0.42
6201, 0.54
6202, 0.38
6203, 0.54
6204, 0.60
6205, 0.55
6206, 0.60
6207, 0.54
6208, 0.49
6209, 0.58
6210, 0.48
6211, 0.47
6212, 0.42
6213, 0.32
6214, 0.54
6215, 0.46
6216, 0.51
6217, 0.54
6218, 0.37
6219, 0.63
6220, 0.44
6221, 0.44
6222, 0.38
6223, 0.65
6224, 0.48
6225, 0.49
6226, 0.44
6227, 0.56
6228, 0.56
6229, 0.57
6230, 0.63
6231, 0.48
6232, 0.31
6233, 0.54
6234, 0.64
6235, 0.38
6236, 0.49
6237, 0.51
6238, 0.52
6239, 0.53
6240, 0.39
6241, 0.57
6242, 0.52
6243, 0.59
6244, 0.63
6245, 0.40
6246, 0.50
6247, 0.39
6248, 0.51
6249, 0.45
6250, 0.57
6251, 0.50
6252, 0.46
6253, 0.37
6254, 0.40
6255, 0.54
6256, 0.46
6257, 0.33
6258, 0.54
6259, 0.56
6260, 0.48
6261, 0.54
6262, 0.56
6263, 0.57
6264, 0.22
6265, 0.41
6266, 0.66
6267, 0.45
6268, 0.63
6269, 0.47
6270, 0.54
6271, 0.59
6272, 0.45
6273, 0.30
6274, 0.43
6275, 0.57
6276, 0.49
6277, 0.66
6278, 0.38
6279, 0.39
6280, 0.69
6281, 0.30
6282, 0.50
6283, 0.36
6284, 0.38
6285, 0.50
6286, 0.57
6287, 0.48
6288, 0.59
6289, 0.37
6290, 0.51
6291, 0.47
6292, 0.48
6293, 0.46
6294, 0.31
6295, 0.60
6296, 0.71
6297, 0.44
6298, 0.35
6299, 0.56
6300, 0.41
6301, 0.42
6302, 0.46
6303, 0.53
6304, 0.65
6305, 0.50
6306, 0.53
6307, 0.60
6308, 0.49
6309, 0.43
6310, 0.48
6311, 0.64
6312, 0.35
6313, 0.55
6314, 0.36
6315, 0.58
6316, 0.44
6317, 0.58
6318, 0.52
6319, 0.39
6320, 0.61
6321, 0.56
6322, 0.61
6323, 0.40
6324, 0.66
6325, 0.51
6326, 0.36
6327, 0.49
6328, 0.43
6329, 0.52
6330, 0.50
6331, 0.28
6332, 0.51
6333, 0.44
6334, 0.39
6335, 0.52
6336, 0.59
6337, 0.44
6338, 0.48
6339, 0.49
6340, 0.18
6341, 0.58
6342, 0.46
6343, 0.36
6344, 0.63
6345, 0.41
6346, 0.57
6347, 0.40
6348, 0.62
6349, 0.54
6350, 0.34
6351, 0.52
6352, 0.51
6353, 0.52
6354, 0.46
6355, 0.66
6356, 0.45
6357, 0.54
6358, 0.42
6359, 0.52
6360, 0.66
6361, 0.44
6362, 0.48
6363, 0.71
6364, 0.34
6365, 0.53
6366, 0.25
6367, 0.35
6368, 0.38
6369, 0.59
6370, 0.56
6371, 0.62
6372, 0.36
6373, 0.53
6374, 0.55
6375, 0.44
6376, 0.52
6377, 0.57
6378, 0.62
6379, 0.56
6380, 0.40
6381, 0.48
6382, 0.52
6383, 0.64
6384, 0.51
6385, 0.54
6386, 0.50
6387, 0.38
6388, 0.40
6389, 0.58
6390, 0.57
6391, 0.53
6392, 0.46
6393, 0.56
6394, 0.38
6395, 0.35
6396, 0.63
6397, 0.59
6398, 0.65
6399, 0.48
6400, 0.56
6401, 0.48
6402, 0.40
6403, 0.39
6404, 0.50
6405, 0.34
6406, 0.42
6407, 0.49
6408, 0.48
6409, 0.48
6410, 0.50
6411, 0.42
6412, 0.53
6413, 0.39
6414, 0.52
6415, 0.57
6416, 0.48
6417, 0.51
6418, 0.57
6419, 0.52
6420, 0.39
6421, 0.74
6422, 0.30
6423, 0.46
6424, 0.44
6425, 0.35
6426, 0.53
6427, 0.55
6428, 0.47
6429, 0.55
6430, 0.65
6431, 0.50
6432, 0.43
6433, 0.20
6434, 0.36
6435, 0.53
6436, 0.45
6437, 0.55
6438, 0.55
6439, 0.39
6440, 0.45
6441, 0.57
6442, 0.55
6443, 0.50
6444, 0.29
6445, 0.44
6446, 0.50
6447, 0.51
6448, 0.55
6449, 0.61
6450, 0.31
6451, 0.48
6452, 0.51
6453, 0.62
6454, 0.44
6455, 0.39
6456, 0.45
6457, 0.47
6458, 0.39
6459, 0.49
6460, 0.31
6461, 0.51
6462, 0.48
6463, 0.41
6464, 0.62
6465, 0.42
6466, 0.34
6467, 0.38
6468, 0.53
6469, 0.62
6470, 0.38
6471, 0.62
6472, 0.53
6473, 0.35
6474, 0.52
6475, 0.57
6476, 0.65
6477, 0.59
6478, 0.24
6479, 0.40
6480, 0.35
6481, 0.48
6482, 0.39
6483, 0.50
6484, 0.59
6485, 0.42
6486, 0.31
6487, 0.55
6488, 0.62
6489, 0.31
6490, 0.50
6491, 0.47
6492, 0.30
6493, 0.50
6494, 0.49
6495, 0.43
6496, 0.56
6497, 0.45
6498, 0.53
6499, 0.62
6500, 0.52
6501, 0.67
6502, 0.47
6503, 0.35
6504, 0.43
6505, 0.49
6506, 0.49
6507, 0.65
6508, 0.54
6509, 0.43
6510, 0.47
6511, 0.59
6512, 0.61
6513, 0.53
6514, 0.33
6515, 0.58
6516, 0.63
6517, 0.52
6518, 0.35
6519, 0.50
6520, 0.60
6521, 0.55
6522, 0.54
6523, 0.47
6524, 0.48
6525, 0.52
6526, 0.62
6527, 0.60
6528, 0.56
6529, 0.57
6530, 0.64
6531, 0.56
6532, 0.37
6533, 0.45
6534, 0.63
6535, 0.29
6536, 0.53
6537, 0.47
6538, 0.53
6539, 0.67
6540, 0.54
6541, 0.52
6542, 0.47
6543, 0.57
6544, 0.40
6545, 0.41
6546, 0.48
6547, 0.52
6548, 0.58
6549, 0.56
6550, 0.38
6551, 0.53
6552, 0.29
6553, 0.59
6554, 0.45
6555, 0.52
6556, 0.52
6557, 0.59
6558, 0.55
6559, 0.38
6560, 0.63
6561, 0.52
6562, 0.61
6563, 0.59
6564, 0.42
6565, 0.57
6566, 0.42
6567, 0.60
6568, 0.54
6569, 0.38
6570, 0.39
6571, 0.49
6572, 0.46
6573, 0.51
6574, 0.61
6575, 0.30
6576, 0.37
6577, 0.61
6578, 0.57
6579, 0.27
6580, 0.54
6581, 0.38
6582, 0.44
6583, 0.67
6584, 0.55
6585, 0.37
6586, 0.33
6587, 0.28
6588, 0.51
6589, 0.35
6590, 0.43
6591, 0.36
6592, 0.67
6593, 0.52
6594, 0.33
6595, 0.63
6596, 0.44
6597, 0.51
6598, 0.41
6599, 0.49
6600, 0.52
6601, 0.55
6602, 0.39
6603, 0.64
6604, 0.51
6605, 0.36
6606, 0.63
6607, 0.59
6608, 0.53
6609, 0.42
6610, 0.32
6611, 0.29
6612, 0.38
6613, 0.57
6614, 0.55
6615, 0.77
6616, 0.34
6617, 0.58
6618, 0.38
6619, 0.29
6620, 0.45
6621, 0.34
6622, 0.50
6623, 0.39
6624, 0.36
6625, 0.55
6626, 0.58
6627, 0.55
6628, 0.39
6629, 0.44
6630, 0.53
6631, 0.41
6632, 0.62
6633, 0.37
6634, 0.46
6635, 0.64
6636, 0.46
6637, 0.64
6638, 0.39
6639, 0.62
6640, 0.47
6641, 0.59
6642, 0.47
6643, 0.33
6644, 0.50
6645, 0.43
6646, 0.30
6647, 0.42
6648, 0.62
6649, 0.49
6650, 0.40
6651, 0.65
6652, 0.52
6653, 0.57
6654, 0.56
6655, 0.49
6656, 0.30
6657, 0.54
6658, 0.62
6659, 0.60
6660, 0.44
6661, 0.58
6662, 0.54
6663, 0.60
6664, 0.47
6665, 0.68
6666, 0.59
6667, 0.56
6668, 0.51
6669, 0.54
6670, 0.57
6671, 0.49
6672, 0.40
6673, 0.36
6674, 0.38
6675, 0.29
6676, 0.58
6677, 0.55
6678, 0.66
6679, 0.54
6680, 0.49
6681, 0.30
6682, 0.53
6683, 0.50
6684, 0.49
6685, 0.58
6686, 0.52
6687, 0.61
6688, 0.59
6689, 0.63
6690, 0.57
6691, 0.49
6692, 0.65
6693, 0.57
6694, 0.29
6695, 0.37
6696, 0.64
6697, 0.41
6698, 0.59
6699, 0.55
6700, 0.66
6701, 0.57
6702, 0.49
6703, 0.64
6704, 0.58
6705, 0.45
6706, 0.58
6707, 0.55
6708, 0.47
6709, 0.51
6710, 0.32
6711, 0.45
6712, 0.51
6713, 0.57
6714, 0.48
6715, 0.55
6716, 0.51
6717, 0.45
6718, 0.48
6719, 0.41
6720, 0.34
6721, 0.55
6722, 0.46
6723, 0.55
6724, 0.51
6725, 0.49
6726, 0.48
6727, 0.48
6728, 0.44
6729, 0.63
6730, 0.41
6731, 0.42
6732, 0.58
6733, 0.46
6734, 0.44
6735, 0.65
6736, 0.49
6737, 0.56
6738, 0.47
6739, 0.54
6740, 0.63
6741, 0.44
6742, 0.39
6743, 0.36
6744, 0.60
6745, 0.58
6746, 0.48
6747, 0.40
6748, 0.46
6749, 0.51
6750, 0.52
6751, 0.33
6752, 0.49
6753, 0.50
6754, 0.48
6755, 0.38
6756, 0.49
6757, 0.53
6758, 0.35
6759, 0.40
6760, 0.55
6761, 0.34
6762, 0.39
6763, 0.55
6764, 0.48
6765, 0.64
6766, 0.43
6767, 0.71
6768, 0.45
6769, 0.55
6770, 0.62
6771, 0.60
6772, 0.59
6773, 0.42
6774, 0.33
6775, 0.59
6776, 0.61
6777, 0.60
6778, 0.51
6779, 0.44
6780, 0.57
6781, 0.73
6782, 0.38
6783, 0.57
6784, 0.58
6785, 0.22
6786, 0.49
6787, 0.59
6788, 0.41
6789, 0.61
6790, 0.37
6791, 0.64
6792, 0.63
6793, 0.34
6794, 0.41
6795, 0.61
6796, 0.60
6797, 0.53
6798, 0.67
6799, 0.37
6800, 0.63
6801, 0.54
6802, 0.54
6803, 0.56
6804, 0.21
6805, 0.56
6806, 0.56
6807, 0.58
6808, 0.40
6809, 0.25
6810, 0.28
6811, 0.48
6812, 0.49
6813, 0.45
6814, 0.47
6815, 0.37
6816, 0.53
6817, 0.36
6818, 0.53
6819, 0.62
6820, 0.48
6821, 0.59
6822, 0.45
6823, 0.52
6824, 0.41
6825, 0.57
6826, 0.51
6827, 0.26
6828, 0.42
6829, 0.43
6830, 0.32
6831, 0.62
6832, 0.59
6833, 0.66
6834, 0.50
6835, 0.35
6836, 0.43
6837, 0.39
6838, 0.53
6839, 0.50
6840, 0.35
6841, 0.46
6842, 0.50
6843, 0.29
6844, 0.38
6845, 0.52
6846, 0.39
6847, 0.64
6848, 0.36
6849, 0.50
6850, 0.49
6851, 0.59
6852, 0.46
6853, 0.48
6854, 0.60
6855, 0.22
6856, 0.53
6857, 0.49
6858, 0.54
6859, 0.59
6860, 0.51
6861, 0.63
6862, 0.57
6863, 0.50
6864, 0.48
6865, 0.29
6866, 0.54
6867, 0.42
6868, 0.59
6869, 0.59
6870, 0.56
6871, 0.50
6872, 0.57
6873, 0.60
6874, 0.59
6875, 0.58
6876, 0.49
6877, 0.44
6878, 0.61
6879, 0.54
6880, 0.48
6881, 0.54
6882, 0.45
6883, 0.57
6884, 0.53
6885, 0.39
6886, 0.45
6887, 0.48
6888, 0.64
6889, 0.53
6890, 0.54
6891, 0.62
6892, 0.72
6893, 0.59
6894, 0.54
6895, 0.50
6896, 0.42
6897, 0.60
6898, 0.47
6899, 0.52
6900, 0.60
6901, 0.54
6902, 0.58
6903, 0.44
6904, 0.48
6905, 0.49
6906, 0.40
6907, 0.40
6908, 0.44
6909, 0.37
6910, 0.47
6911, 0.52
6912, 0.47
6913, 0.43
6914, 0.42
6915, 0.30
6916, 0.46
6917, 0.50
6918, 0.51
6919, 0.53
6920, 0.50
6921, 0.50
6922, 0.52
6923, 0.39
6924, 0.52
6925, 0.49
6926, 0.55
6927, 0.36
6928, 0.53
6929, 0.39
6930, 0.38
6931, 0.54
6932, 0.59
6933, 0.44
6934, 0.50
6935, 0.58
6936, 0.64
6937, 0.53
6938, 0.52
6939, 0.35
6940, 0.65
6941, 0.52
6942, 0.61
6943, 0.44
6944, 0.48
6945, 0.55
6946, 0.38
6947, 0.57
6948, 0.39
6949, 0.65
6950, 0.39
6951, 0.55
6952, 0.58
6953, 0.53
6954, 0.42
6955, 0.54
6956, 0.36
6957, 0.29
6958, 0.22
6959, 0.59
6960, 0.40
6961, 0.70
6962, 0.43
6963, 0.38
6964, 0.58
6965, 0.66
6966, 0.20
6967, 0.52
6968, 0.46
6969, 0.51
6970, 0.69
6971, 0.38
6972, 0.53
6973, 0.51
6974, 0.61
6975, 0.56
6976, 0.37
6977, 0.36
6978, 0.49
6979, 0.33
6980, 0.59
6981, 0.33
6982, 0.37
6983, 0.57
6984, 0.34
6985, 0.29
6986, 0.50
6987, 0.61
6988, 0.49
6989, 0.66
6990, 0.52
6991, 0.44
6992, 0.37
6993, 0.47
6994, 0.57
6995, 0.58
6996, 0.59
6997, 0.66
6998, 0.57
6999, 0.42
7000, 0.30
7001, 0.61
7002, 0.66
7003, 0.44
7004, 0.63
7005, 0.62
7006, 0.43
7007, 0.51
7008, 0.54
7009, 0.49
7010, 0.59
7011, 0.47
7012, 0.61
7013, 0.49
7014, 0.46
7015, 0.53
7016, 0.41
7017, 0.59
7018, 0.49
7019, 0.55
7020, 0.60
7021, 0.38
7022, 0.37
7023, 0.52
7024, 0.58
7025, 0.47
7026, 0.60
7027, 0.38
7028, 0.47
7029, 0.43
7030, 0.49
7031, 0.67
7032, 0.59
7033, 0.42
7034, 0.56
7035, 0.50
7036, 0.57
7037, 0.32
7038, 0.65
7039, 0.49
7040, 0.49
7041, 0.47
7042, 0.51
7043, 0.49
7044, 0.35
7045, 0.59
7046, 0.48
7047, 0.44
7048, 0.64
7049, 0.56
7050, 0.50
7051, 0.46
7052, 0.42
7053, 0.45
7054, 0.64
7055, 0.45
7056, 0.49
7057, 0.38
7058, 0.56
7059, 0.35
7060, 0.48
7061, 0.41
7062, 0.55
7063, 0.41
7064, 0.40
7065, 0.59
7066, 0.37
7067, 0.51
7068, 0.44
7069, 0.49
7070, 0.54
7071, 0.60
7072, 0.66
7073, 0.37
7074, 0.45
7075, 0.21
7076, 0.52
7077, 0.33
7078, 0.45
7079, 0.58
7080, 0.66
7081, 0.53
7082, 0.32
7083, 0.46
7084, 0.35
7085, 0.48
7086, 0.60
7087, 0.64
7088, 0.53
7089, 0.54
7090, 0.39
7091, 0.54
7092, 0.45
7093, 0.36
7094, 0.30
7095, 0.35
7096, 0.52
7097, 0.45
7098, 0.45
7099, 0.39
7100, 0.52
7101, 0.35
7102, 0.59
7103, 0.37
7104, 0.44
7105, 0.61
7106, 0.66
7107, 0.33
7108, 0.53
7109, 0.50
7110, 0.44
7111, 0.56
7112, 0.46
7113, 0.59
7114, 0.45
7115, 0.47
7116, 0.51
7117, 0.56
7118, 0.53
7119, 0.63
7120, 0.54
7121, 0.37
7122, 0.15
7123, 0.61
7124, 0.43
7125, 0.27
7126, 0.35
7127, 0.50
7128, 0.36
7129, 0.59
7130, 0.59
7131, 0.65
7132, 0.61
7133, 0.20
7134, 0.43
7135, 0.55
7136, 0.50
7137, 0.29
7138, 0.60
7139, 0.64
7140, 0.39
7141, 0.48
7142, 0.62
7143, 0.42
7144, 0.49
7145, 0.48
7146, 0.53
7147, 0.35
7148, 0.47
7149, 0.47
7150, 0.60
7151, 0.62
7152, 0.51
7153, 0.46
7154, 0.59
7155, 0.59
7156, 0.43
7157, 0.51
7158, 0.54
7159, 0.63
7160, 0.52
7161, 0.32
7162, 0.37
7163, 0.36
7164, 0.67
7165, 0.63
7166, 0.65
7167, 0.55
7168, 0.44
7169, 0.48
7170, 0.62
7171, 0.35
7172, 0.57
7173, 0.47
7174, 0.48
7175, 0.59
7176, 0.61
7177, 0.51
7178, 0.49
7179, 0.65
7180, 0.63
7181, 0.68
7182, 0.37
7183, 0.65
7184, 0.32
7185, 0.57
7186, 0.33
7187, 0.51
7188, 0.46
7189, 0.65
7190, 0.64
7191, 0.43
7192, 0.66
7193, 0.51
7194, 0.48
7195, 0.54
7196, 0.62
7197, 0.25
7198, 0.52
7199, 0.56
7200, 0.59
7201, 0.55
7202, 0.49
7203, 0.32
7204, 0.41
7205, 0.53
7206, 0.36
7207, 0.49
7208, 0.51
7209, 0.52
7210, 0.51
7211, 0.44
7212, 0.36
7213, 0.64
7214, 0.59
7215, 0.31
7216, 0.59
7217, 0.51
7218, 0.55
7219, 0.31
7220, 0.50
7221, 0.58
7222, 0.65
7223, 0.29
7224, 0.50
7225, 0.54
7226, 0.47
7227, 0.40
7228, 0.43
7229, 0.51
7230, 0.45
7231, 0.55
7232, 0.34
7233, 0.51
7234, 0.42
7235, 0.41
7236, 0.59
7237, 0.57
7238, 0.42
7239, 0.30
7240, 0.47
7241, 0.57
7242, 0.60
7243, 0.54
7244, 0.59
7245, 0.37
7246, 0.58
7247, 0.36
7248, 0.37
7249, 0.48
7250, 0.55
7251, 0.56
7252, 0.63
7253, 0.56
7254, 0.50
7255, 0.62
7256, 0.52
7257, 0.31
7258, 0.63
7259, 0.46
7260, 0.52
7261, 0.38
7262, 0.64
7263, 0.59
7264, 0.47
7265, 0.48
7266, 0.50
7267, 0.66
7268, 0.49
7269, 0.56
7270, 0.47
7271, 0.46
7272, 0.37
7273, 0.49
7274, 0.61
7275, 0.55
7276, 0.56
7277, 0.53
7278, 0.58
7279, 0.46
7280, 0.58
7281, 0.53
7282, 0.43
7283, 0.38
7284, 0.54
7285, 0.47
7286, 0.51
7287, 0.62
7288, 0.47
7289, 0.56
7290, 0.44
7291, 0.64
7292, 0.57
7293, 0.53
7294, 0.34
7295, 0.35
7296, 0.51
7297, 0.64
7298, 0.58
7299, 0.53
7300, 0.61
7301, 0.44
7302, 0.54
7303, 0.55
7304, 0.25
7305, 0.58
7306, 0.48
7307, 0.50
7308, 0.46
7309, 0.51
7310, 0.57
7311, 0.45
7312, 0.51
7313, 0.51
7314, 0.50
7315, 0.29
7316, 0.28
7317, 0.55
7318, 0.40
7319, 0.45
7320, 0.33
7321, 0.61
7322, 0.61
7323, 0.40
7324, 0.50
7325, 0.65
7326, 0.49
7327, 0.33
7328, 0.53
7329, 0.54
7330, 0.35
7331, 0.59
7332, 0.50
7333, 0.55
7334, 0.55
7335, 0.59
7336, 0.47
7337, 0.48
7338, 0.48
7339, 0.38
7340, 0.47
7341, 0.46
7342, 0.66
7343, 0.37
7344, 0.46
7345, 0.38
7346, 0.48
7347, 0.50
7348, 0.40
7349, 0.67
7350, 0.37
7351, 0.72
7352, 0.54
7353, 0.51
7354, 0.63
7355, 0.65
7356, 0.54
7357, 0.33
7358, 0.53
7359, 0.59
7360, 0.56
7361, 0.56
7362, 0.58
7363, 0.47
7364, 0.56
7365, 0.44
7366, 0.56
7367, 0.57
7368, 0.52
7369, 0.54
7370, 0.54
7371, 0.42
7372, 0.36
7373, 0.66
7374, 0.43
7375, 0.53
7376, 0.68
7377, 0.52
7378, 0.62
7379, 0.49
7380, 0.64
7381, 0.43
7382, 0.42
7383, 0.33
7384, 0.55
7385, 0.33
7386, 0.56
7387, 0.42
7388, 0.51
7389, 0.51
7390, 0.62
7391, 0.45
7392, 0.47
7393, 0.52
7394, 0.58
7395, 0.62
7396, 0.59
7397, 0.50
7398, 0.40
7399, 0.43
7400, 0.47
7401, 0.47
7402, 0.66
7403, 0.33
7404, 0.37
7405, 0.55
7406, 0.62
7407, 0.61
7408, 0.56
7409, 0.22
7410, 0.49
7411, 0.35
7412, 0.55
7413, 0.50
7414, 0.55
7415, 0.65
7416, 0.27
7417, 0.62
7418, 0.43
7419, 0.50
7420, 0.67
7421, 0.37
