Id,Predicted
0, 0.42
1, 0.15
2, 0.38
3, 0.34
4, 0.82
5, 0.11
6, 0.64
7, 0.26
8, 0.36
9, 0.39
10, 0.49
11, 0.50
12, 0.59
13, 0.49
14, 0.91
15, 0.96
16, 0.93
17, 0.58
18, 0.58
19, 0.47
20, 0.43
21, 0.72
22, 0.42
23, 0.53
24, 0.49
25, 0.47
26, 0.53
27, 0.49
28, 0.54
29, 0.46
30, 0.51
31, 0.38
32, 0.59
33, 0.20
34, 0.59
35, 0.40
36, 0.50
37, 0.47
38, 0.36
39, 0.90
40, 0.56
41, 0.39
42, 0.51
43, 0.43
44, 0.97
45, 0.48
46, 0.46
47, 0.19
48, 0.46
49, 0.55
50, 0.25
51, 0.31
52, 0.09
53, 0.30
54, 0.37
55, 0.42
56, 0.50
57, 0.26
58, 0.27
59, 0.48
60, 0.61
61, 0.45
62, 0.16
63, 0.90
64, 0.95
65, 0.40
66, 0.66
67, 0.47
68, 0.15
69, 0.47
70, 0.60
71, 0.98
72, 0.97
73, 0.45
74, 0.10
75, 0.61
76, 0.49
77, 0.49
78, 0.44
79, 0.20
80, 0.39
81, 0.41
82, 0.44
83, 0.99
84, 0.54
85, 0.84
86, 0.50
87, 0.43
88, 0.57
89, 0.97
90, 0.52
91, 0.98
92, 0.60
93, 0.48
94, 0.94
95, 0.62
96, 0.21
97, 0.49
98, 0.98
99, 0.43
100, 0.44
101, 0.46
102, 0.14
103, 0.59
104, 0.50
105, 0.32
106, 0.34
107, 0.40
108, 0.39
109, 0.83
110, 0.11
111, 0.52
112, 0.35
113, 0.58
114, 0.53
115, 0.57
116, 0.46
117, 0.48
118, 0.13
119, 0.44
120, 0.13
121, 0.88
122, 0.30
123, 0.41
124, 0.36
125, 0.12
126, 0.53
127, 0.62
128, 0.60
129, 0.35
130, 0.11
131, 0.92
132, 0.19
133, 0.38
134, 0.48
135, 0.61
136, 0.19
137, 0.19
138, 0.45
139, 0.66
140, 0.49
141, 0.42
142, 0.65
143, 0.94
144, 0.96
145, 0.51
146, 0.40
147, 0.43
148, 0.50
149, 0.31
150, 0.19
151, 0.96
152, 0.27
153, 0.28
154, 0.47
155, 0.56
156, 0.27
157, 0.50
158, 0.56
159, 0.36
160, 0.57
161, 0.64
162, 0.61
163, 0.18
164, 0.43
165, 0.55
166, 0.34
167, 0.41
168, 0.98
169, 0.35
170, 0.43
171, 0.46
172, 0.35
173, 0.53
174, 0.33
175, 0.58
176, 0.34
177, 0.12
178, 0.43
179, 0.38
180, 0.35
181, 0.44
182, 0.94
183, 0.33
184, 0.45
185, 0.51
186, 0.48
187, 0.64
188, 0.60
189, 0.49
190, 0.71
191, 0.52
192, 0.60
193, 0.42
194, 0.39
195, 0.26
196, 0.49
197, 0.56
198, 0.11
199, 0.17
200, 0.46
201, 0.38
202, 0.42
203, 0.42
204, 0.73
205, 0.26
206, 0.12
207, 0.47
208, 0.94
209, 0.54
210, 0.36
211, 0.53
212, 0.29
213, 0.54
214, 0.42
215, 0.47
216, 0.59
217, 0.41
218, 0.40
219, 0.17
220, 0.16
221, 0.49
222, 0.28
223, 0.09
224, 0.54
225, 0.42
226, 0.41
227, 0.88
228, 0.58
229, 0.35
230, 0.17
231, 0.20
232, 0.41
233, 0.38
234, 0.25
235, 0.21
236, 0.57
237, 0.14
238, 0.41
239, 0.39
240, 0.42
241, 0.46
242, 0.10
243, 0.10
244, 0.44
245, 0.52
246, 0.56
247, 0.55
248, 0.32
249, 0.14
250, 0.94
251, 0.42
252, 0.45
253, 0.17
254, 0.45
255, 0.48
256, 0.54
257, 0.53
258, 0.54
259, 0.43
260, 0.18
261, 0.21
262, 0.04
263, 0.98
264, 0.44
265, 0.47
266, 0.41
267, 0.63
268, 0.56
269, 0.37
270, 0.53
271, 0.44
272, 0.42
273, 0.39
274, 0.73
275, 0.55
276, 0.51
277, 0.24
278, 0.82
279, 0.26
280, 0.93
281, 0.68
282, 0.98
283, 0.30
284, 0.55
285, 0.71
286, 0.37
287, 0.62
288, 0.95
289, 0.45
290, 0.54
291, 0.34
292, 0.83
293, 0.48
294, 0.27
295, 0.40
296, 0.08
297, 0.38
298, 0.12
299, 0.43
300, 0.57
301, 0.49
302, 0.43
303, 0.45
304, 0.53
305, 0.64
306, 0.48
307, 0.51
308, 0.59
309, 0.43
310, 0.61
311, 0.04
312, 0.99
313, 0.51
314, 0.45
315, 0.50
316, 0.55
317, 0.73
318, 0.34
319, 0.21
320, 0.36
321, 0.98
322, 0.15
323, 0.20
324, 0.49
325, 0.93
326, 0.49
327, 0.49
328, 0.43
329, 0.45
330, 0.12
331, 0.40
332, 0.10
333, 0.08
334, 0.96
335, 0.45
336, 0.34
337, 0.45
338, 0.43
339, 0.64
340, 0.55
341, 0.37
342, 0.32
343, 0.20
344, 0.97
345, 0.58
346, 0.14
347, 0.38
348, 0.47
349, 0.66
350, 0.92
351, 0.28
352, 0.61
353, 0.66
354, 0.46
355, 0.60
356, 0.37
357, 0.27
358, 0.33
359, 0.58
360, 0.54
361, 0.48
362, 0.63
363, 0.55
364, 0.32
365, 0.39
366, 0.56
367, 0.82
368, 0.46
369, 0.24
370, 0.43
371, 0.73
372, 0.68
373, 0.51
374, 0.72
375, 0.63
376, 0.43
377, 0.36
378, 0.50
379, 0.42
380, 0.54
381, 0.24
382, 0.06
383, 0.49
384, 0.55
385, 0.43
386, 0.17
387, 0.46
388, 0.60
389, 0.13
390, 0.97
391, 0.37
392, 0.49
393, 0.51
394, 0.49
395, 0.47
396, 0.55
397, 0.07
398, 0.44
399, 0.81
400, 0.56
401, 0.57
402, 0.53
403, 0.60
404, 0.40
405, 0.45
406, 0.23
407, 0.52
408, 0.53
409, 0.28
410, 0.15
411, 0.31
412, 0.45
413, 0.57
414, 0.07
415, 0.37
416, 0.34
417, 0.86
418, 0.44
419, 0.46
420, 0.51
421, 0.46
422, 0.39
423, 0.65
424, 0.99
425, 0.73
426, 0.57
427, 0.66
428, 0.82
429, 0.30
430, 0.55
431, 0.54
432, 0.62
433, 0.39
434, 0.95
435, 0.45
436, 0.44
437, 0.59
438, 0.58
439, 0.10
440, 0.94
441, 0.49
442, 0.38
443, 0.42
444, 0.60
445, 0.46
446, 0.50
447, 0.20
448, 0.40
449, 0.87
450, 0.55
451, 0.26
452, 0.62
453, 0.43
454, 0.38
455, 0.29
456, 0.47
457, 0.35
458, 0.57
459, 0.42
460, 0.44
461, 0.57
462, 0.56
463, 0.94
464, 0.83
465, 0.55
466, 0.49
467, 0.45
468, 0.92
469, 0.58
470, 0.36
471, 0.54
472, 0.36
473, 0.59
474, 0.95
475, 0.82
476, 1.00
477, 0.36
478, 0.18
479, 0.36
480, 0.33
481, 0.83
482, 0.95
483, 0.61
484, 0.07
485, 0.62
486, 0.26
487, 0.84
488, 0.38
489, 0.35
490, 0.34
491, 0.16
492, 0.26
493, 0.57
494, 0.43
495, 0.30
496, 0.37
497, 0.43
498, 0.76
499, 0.71
500, 0.90
501, 0.39
502, 0.17
503, 0.53
504, 0.65
505, 0.98
506, 0.48
507, 0.98
508, 0.43
509, 0.41
510, 0.64
511, 0.54
512, 0.32
513, 0.43
514, 0.47
515, 0.61
516, 0.28
517, 0.62
518, 0.36
519, 0.22
520, 0.19
521, 0.45
522, 0.24
523, 0.32
524, 0.65
525, 0.60
526, 0.45
527, 0.53
528, 0.47
529, 0.45
530, 0.41
531, 0.61
532, 0.30
533, 0.55
534, 0.43
535, 0.47
536, 0.46
537, 0.56
538, 0.63
539, 0.18
540, 0.98
541, 0.56
542, 0.50
543, 0.97
544, 0.44
545, 0.52
546, 1.00
547, 0.44
548, 0.36
549, 0.23
550, 0.37
551, 0.35
552, 0.97
553, 0.21
554, 0.56
555, 0.38
556, 0.33
557, 0.97
558, 0.60
559, 0.47
560, 0.39
561, 0.36
562, 0.51
563, 1.00
564, 0.45
565, 0.96
566, 0.33
567, 0.79
568, 0.64
569, 0.96
570, 0.41
571, 0.48
572, 0.58
573, 0.03
574, 0.45
575, 0.64
576, 0.65
577, 0.71
578, 0.48
579, 0.65
580, 0.50
581, 0.47
582, 0.35
583, 0.46
584, 0.37
585, 0.51
586, 0.23
587, 0.52
588, 0.24
589, 0.40
590, 0.40
591, 0.61
592, 0.61
593, 0.99
594, 0.54
595, 0.97
596, 0.42
597, 0.48
598, 0.55
599, 0.49
600, 0.49
601, 0.99
602, 0.49
603, 0.34
604, 0.68
605, 0.16
606, 0.31
607, 0.11
608, 0.97
609, 0.44
610, 0.52
611, 0.52
612, 0.43
613, 0.41
614, 0.42
615, 0.40
616, 0.50
617, 0.53
618, 0.38
619, 0.18
620, 0.41
621, 0.45
622, 0.51
623, 0.48
624, 0.37
625, 0.52
626, 0.28
627, 0.98
628, 0.44
629, 0.49
630, 0.52
631, 0.36
632, 0.27
633, 0.52
634, 0.95
635, 0.47
636, 0.99
637, 0.55
638, 0.41
639, 0.60
640, 0.41
641, 0.66
642, 0.42
643, 0.61
644, 0.62
645, 0.41
646, 0.45
647, 0.25
648, 0.98
649, 0.47
650, 0.25
651, 0.59
652, 0.50
653, 0.62
654, 0.84
655, 0.39
656, 0.58
657, 0.38
658, 0.05
659, 0.39
660, 0.97
661, 0.49
662, 0.44
663, 0.57
664, 0.34
665, 0.39
666, 0.40
667, 0.92
668, 0.56
669, 0.95
670, 0.54
671, 0.55
672, 0.98
673, 0.69
674, 0.57
675, 0.97
676, 0.24
677, 0.24
678, 0.07
679, 0.57
680, 0.99
681, 0.89
682, 0.59
683, 0.40
684, 0.57
685, 0.39
686, 0.41
687, 0.52
688, 0.22
689, 0.19
690, 0.38
691, 0.71
692, 0.50
693, 0.33
694, 0.66
695, 0.44
696, 0.55
697, 0.44
698, 0.27
699, 0.47
700, 0.26
701, 0.36
702, 0.39
703, 0.46
704, 0.19
705, 0.35
706, 0.35
707, 0.17
708, 0.38
709, 0.04
710, 0.99
711, 0.33
712, 0.47
713, 0.51
714, 0.42
715, 0.31
716, 0.35
717, 0.37
718, 0.44
719, 0.49
720, 0.05
721, 0.66
722, 0.10
723, 0.55
724, 0.35
725, 0.48
726, 0.38
727, 0.56
728, 0.40
729, 0.39
730, 0.40
731, 0.22
732, 0.59
733, 0.91
734, 0.23
735, 0.33
736, 0.59
737, 0.15
738, 0.48
739, 0.35
740, 0.43
741, 0.13
742, 0.39
743, 0.44
744, 0.96
745, 0.36
746, 0.25
747, 0.50
748, 0.47
749, 0.79
750, 0.50
751, 0.42
752, 0.55
753, 0.88
754, 0.38
755, 0.32
756, 0.38
757, 0.54
758, 0.14
759, 0.39
760, 0.11
761, 0.55
762, 0.40
763, 0.30
764, 0.39
765, 0.17
766, 0.36
767, 0.45
768, 0.16
769, 0.49
770, 0.45
771, 0.63
772, 0.34
773, 0.55
774, 0.45
775, 0.49
776, 0.57
777, 0.40
778, 0.63
779, 0.49
780, 0.48
781, 0.54
782, 0.49
783, 0.49
784, 0.57
785, 0.55
786, 0.41
787, 0.31
788, 0.98
789, 0.29
790, 0.24
791, 0.35
792, 0.56
793, 0.24
794, 0.45
795, 0.53
796, 0.16
797, 0.57
798, 0.56
799, 0.95
800, 0.58
801, 0.65
802, 0.49
803, 1.00
804, 0.40
805, 0.43
806, 0.45
807, 0.45
808, 0.31
809, 0.12
810, 0.40
811, 0.62
812, 0.98
813, 0.14
814, 0.33
815, 0.33
816, 0.97
817, 0.26
818, 0.32
819, 0.52
820, 0.48
821, 0.05
822, 0.95
823, 0.39
824, 0.29
825, 0.24
826, 0.58
827, 0.63
828, 0.89
829, 0.53
830, 0.22
831, 0.68
832, 0.46
833, 0.50
834, 0.45
835, 0.55
836, 0.68
837, 0.43
838, 0.47
839, 0.52
840, 0.13
841, 0.41
842, 0.46
843, 0.46
844, 0.41
845, 0.45
846, 0.66
847, 0.09
848, 0.27
849, 0.46
850, 0.09
851, 0.48
852, 0.13
853, 0.60
854, 0.56
855, 1.00
856, 0.31
857, 0.41
858, 0.41
859, 0.73
860, 0.74
861, 0.22
862, 0.60
863, 0.34
864, 0.54
865, 0.47
866, 0.40
867, 0.25
868, 0.47
869, 0.40
870, 0.07
871, 0.52
872, 0.98
873, 0.98
874, 0.17
875, 0.07
876, 0.56
877, 0.55
878, 0.36
879, 0.53
880, 0.61
881, 0.37
882, 0.32
883, 0.68
884, 0.39
885, 0.39
886, 0.98
887, 0.34
888, 0.54
889, 0.47
890, 0.80
891, 0.46
892, 0.66
893, 0.42
894, 0.99
895, 0.56
896, 0.52
897, 0.52
898, 0.34
899, 0.07
900, 0.47
901, 0.62
902, 0.63
903, 0.61
904, 0.89
905, 0.98
906, 0.42
907, 0.52
908, 0.17
909, 0.34
910, 0.86
911, 0.55
912, 0.30
913, 0.31
914, 0.38
915, 0.46
916, 0.59
917, 0.98
918, 0.52
919, 0.61
920, 0.54
921, 0.56
922, 0.62
923, 0.55
924, 0.66
925, 0.56
926, 0.37
927, 0.95
928, 0.12
929, 0.97
930, 0.50
931, 0.19
932, 0.29
933, 0.48
934, 0.48
935, 0.18
936, 0.55
937, 0.28
938, 0.39
939, 0.46
940, 0.44
941, 0.20
942, 0.44
943, 0.59
944, 0.44
945, 0.29
946, 0.48
947, 1.00
948, 0.11
949, 0.40
950, 0.41
951, 0.43
952, 0.46
953, 0.60
954, 0.39
955, 0.45
956, 0.44
957, 0.46
958, 0.48
959, 0.05
960, 0.32
961, 0.62
962, 0.58
963, 0.89
964, 0.50
965, 0.40
966, 0.37
967, 0.41
968, 0.47
969, 0.40
970, 0.37
971, 0.16
972, 0.50
973, 0.11
974, 0.53
975, 0.57
976, 0.56
977, 0.47
978, 0.38
979, 0.38
980, 0.40
981, 0.41
982, 0.49
983, 0.45
984, 0.41
985, 0.55
986, 0.33
987, 0.51
988, 0.50
989, 0.50
990, 0.26
991, 0.11
992, 0.42
993, 0.34
994, 0.13
995, 0.47
996, 0.51
997, 0.54
998, 0.21
999, 0.41
1000, 0.45
1001, 0.44
1002, 0.30
1003, 0.55
1004, 0.97
1005, 0.16
1006, 0.37
1007, 0.96
1008, 0.35
1009, 0.33
1010, 0.43
1011, 0.43
1012, 0.47
1013, 0.45
1014, 0.09
1015, 0.41
1016, 0.71
1017, 0.48
1018, 0.54
1019, 0.64
1020, 0.33
1021, 0.46
1022, 0.51
1023, 0.42
1024, 0.36
1025, 0.35
1026, 0.81
1027, 0.70
1028, 0.97
1029, 0.54
1030, 0.26
1031, 0.90
1032, 0.39
1033, 0.39
1034, 0.47
1035, 0.86
1036, 0.47
1037, 0.43
1038, 0.60
1039, 0.54
1040, 0.51
1041, 0.62
1042, 0.97
1043, 0.44
1044, 0.39
1045, 0.71
1046, 0.38
1047, 0.37
1048, 0.37
1049, 0.35
1050, 0.47
1051, 0.90
1052, 0.49
1053, 0.27
1054, 0.18
1055, 0.95
1056, 0.13
1057, 0.31
1058, 0.51
1059, 0.39
1060, 0.53
1061, 0.44
1062, 0.56
1063, 0.43
1064, 1.00
1065, 0.33
1066, 1.00
1067, 0.40
1068, 0.08
1069, 0.61
1070, 0.73
1071, 0.60
1072, 0.58
1073, 0.57
1074, 0.12
1075, 0.23
1076, 0.39
1077, 0.43
1078, 0.25
1079, 0.22
1080, 0.11
1081, 0.39
1082, 0.47
1083, 0.99
1084, 0.64
1085, 0.46
1086, 0.52
1087, 0.44
1088, 0.60
1089, 0.60
1090, 0.37
1091, 0.55
1092, 0.46
1093, 0.56
1094, 0.48
1095, 0.45
1096, 0.25
1097, 0.54
1098, 0.77
1099, 0.52
1100, 0.48
1101, 0.42
1102, 0.54
1103, 0.54
1104, 0.52
1105, 0.40
1106, 0.30
1107, 0.44
1108, 0.39
1109, 0.21
1110, 0.50
1111, 0.37
1112, 0.33
1113, 0.46
1114, 0.95
1115, 0.69
1116, 0.51
1117, 0.51
1118, 0.90
1119, 0.61
1120, 0.90
1121, 0.28
1122, 0.52
1123, 0.71
1124, 0.98
1125, 0.12
1126, 0.28
1127, 0.38
1128, 0.69
1129, 0.15
1130, 0.50
1131, 0.39
1132, 0.53
1133, 0.49
1134, 0.44
1135, 0.25
1136, 0.37
1137, 0.49
1138, 0.40
1139, 0.37
1140, 0.95
1141, 0.08
1142, 0.25
1143, 0.56
1144, 0.49
1145, 0.40
1146, 0.52
1147, 0.18
1148, 1.00
1149, 0.96
1150, 0.45
1151, 0.36
1152, 0.96
1153, 0.18
1154, 0.24
1155, 0.07
1156, 0.16
1157, 0.37
1158, 0.45
1159, 0.55
1160, 0.51
1161, 0.53
1162, 0.45
1163, 0.38
1164, 0.43
1165, 0.99
1166, 0.47
1167, 0.47
1168, 0.50
1169, 0.58
1170, 0.39
1171, 0.40
1172, 0.96
1173, 0.42
1174, 0.99
1175, 0.49
1176, 0.52
1177, 0.31
1178, 0.36
1179, 0.54
1180, 0.36
1181, 0.36
1182, 0.42
1183, 0.47
1184, 0.55
1185, 0.48
1186, 0.93
1187, 0.48
1188, 0.34
1189, 0.52
1190, 0.43
1191, 0.94
1192, 0.39
1193, 0.50
1194, 0.51
1195, 0.53
1196, 0.30
1197, 0.47
1198, 0.67
1199, 0.91
1200, 0.37
1201, 0.46
1202, 0.44
1203, 0.97
1204, 0.48
1205, 0.48
1206, 0.35
1207, 0.65
1208, 0.25
1209, 0.32
1210, 0.43
1211, 0.70
1212, 0.31
1213, 0.45
1214, 0.40
1215, 0.51
1216, 0.54
1217, 0.31
1218, 0.40
1219, 0.46
1220, 0.08
1221, 0.91
1222, 0.43
1223, 0.48
1224, 0.51
1225, 0.55
1226, 0.33
1227, 0.14
1228, 0.51
1229, 0.37
1230, 0.75
1231, 0.68
1232, 0.72
1233, 0.17
1234, 0.66
1235, 0.42
1236, 0.56
1237, 0.43
1238, 0.47
1239, 0.16
1240, 0.44
1241, 0.28
1242, 0.62
1243, 0.43
1244, 0.26
1245, 0.58
1246, 0.45
1247, 0.10
1248, 0.40
1249, 0.61
1250, 0.51
1251, 0.52
1252, 0.49
1253, 0.47
1254, 0.40
1255, 0.46
1256, 0.99
1257, 0.82
1258, 0.57
1259, 0.46
1260, 0.30
1261, 0.49
1262, 0.60
1263, 0.51
1264, 0.54
1265, 0.54
1266, 0.39
1267, 0.40
1268, 0.53
1269, 0.42
1270, 0.08
1271, 0.54
1272, 0.53
1273, 1.00
1274, 0.46
1275, 0.49
1276, 0.32
1277, 0.45
1278, 0.52
1279, 0.99
1280, 0.37
1281, 0.50
1282, 0.54
1283, 0.58
1284, 0.59
1285, 0.97
1286, 0.79
1287, 0.67
1288, 0.48
1289, 0.40
1290, 0.51
1291, 1.00
1292, 0.35
1293, 0.96
1294, 0.55
1295, 0.63
1296, 0.44
1297, 0.51
1298, 0.25
1299, 0.56
1300, 0.42
1301, 0.73
1302, 0.12
1303, 0.52
1304, 0.31
1305, 0.58
1306, 0.98
1307, 0.53
1308, 0.51
1309, 0.28
1310, 0.30
1311, 0.21
1312, 0.09
1313, 0.29
1314, 0.06
1315, 0.99
1316, 0.34
1317, 0.10
1318, 0.57
1319, 0.56
1320, 0.44
1321, 0.39
1322, 0.10
1323, 0.50
1324, 0.42
1325, 0.65
1326, 0.41
1327, 0.41
1328, 0.84
1329, 0.52
1330, 0.35
1331, 0.48
1332, 0.80
1333, 0.34
1334, 0.55
1335, 0.49
1336, 0.48
1337, 0.25
1338, 0.52
1339, 0.98
1340, 0.47
1341, 0.16
1342, 0.49
1343, 0.47
1344, 0.48
1345, 0.97
1346, 0.41
1347, 0.40
1348, 0.25
1349, 0.27
1350, 0.52
1351, 0.41
1352, 0.18
1353, 0.43
1354, 0.73
1355, 0.59
1356, 0.25
1357, 0.35
1358, 0.67
1359, 0.29
1360, 0.41
1361, 0.33
1362, 0.98
1363, 0.43
1364, 0.35
1365, 0.43
1366, 0.42
1367, 0.93
1368, 0.60
1369, 0.63
1370, 0.85
1371, 0.33
1372, 0.38
1373, 0.24
1374, 0.20
1375, 0.99
1376, 0.62
1377, 0.04
1378, 0.45
1379, 0.38
1380, 0.42
1381, 0.55
1382, 0.22
1383, 0.44
1384, 0.69
1385, 0.54
1386, 0.50
1387, 0.46
1388, 0.47
1389, 0.47
1390, 0.52
1391, 0.59
1392, 0.53
1393, 0.53
1394, 1.00
1395, 0.56
1396, 0.53
1397, 0.13
1398, 0.38
1399, 0.61
1400, 0.33
1401, 0.43
1402, 0.37
1403, 0.26
1404, 0.34
1405, 0.10
1406, 0.40
1407, 0.67
1408, 0.38
1409, 0.59
1410, 0.94
1411, 0.41
1412, 1.00
1413, 0.44
1414, 0.50
1415, 0.18
1416, 0.43
1417, 0.41
1418, 0.38
1419, 0.41
1420, 0.51
1421, 0.38
1422, 0.50
1423, 0.38
1424, 0.37
1425, 0.64
1426, 0.58
1427, 0.57
1428, 0.52
1429, 0.25
1430, 0.45
1431, 0.54
1432, 0.50
1433, 0.43
1434, 0.68
1435, 0.28
1436, 0.38
1437, 0.52
1438, 0.11
1439, 0.53
1440, 0.52
1441, 0.44
1442, 0.48
1443, 0.47
1444, 0.51
1445, 0.37
1446, 0.13
1447, 0.12
1448, 0.07
1449, 0.39
1450, 0.52
1451, 0.42
1452, 0.81
1453, 0.86
1454, 0.35
1455, 0.47
1456, 0.53
1457, 0.45
1458, 0.11
1459, 0.48
1460, 0.39
1461, 0.17
1462, 0.39
1463, 0.10
1464, 0.49
1465, 0.12
1466, 0.63
1467, 0.21
1468, 0.64
1469, 0.55
1470, 0.48
1471, 0.40
1472, 0.30
1473, 0.08
1474, 0.47
1475, 1.00
1476, 0.47
1477, 0.43
1478, 0.17
1479, 0.43
1480, 0.83
1481, 0.54
1482, 0.38
1483, 0.55
1484, 0.47
1485, 0.44
1486, 0.58
1487, 0.99
1488, 0.26
1489, 0.61
1490, 0.10
1491, 0.50
1492, 0.63
1493, 0.47
1494, 0.51
1495, 0.95
1496, 0.35
1497, 0.64
1498, 0.12
1499, 0.32
1500, 0.30
1501, 0.44
1502, 0.35
1503, 0.56
1504, 0.25
1505, 0.91
1506, 0.59
1507, 0.72
1508, 0.66
1509, 0.38
1510, 0.60
1511, 0.46
1512, 0.39
1513, 0.36
1514, 0.19
1515, 0.42
1516, 0.35
1517, 0.53
1518, 0.50
1519, 0.17
1520, 0.30
1521, 0.12
1522, 0.43
1523, 0.06
1524, 0.40
1525, 0.62
1526, 0.15
1527, 0.12
1528, 0.52
1529, 0.55
1530, 0.40
1531, 0.97
1532, 0.48
1533, 0.70
1534, 0.52
1535, 0.55
1536, 0.39
1537, 0.67
1538, 0.99
1539, 0.48
1540, 0.41
1541, 0.96
1542, 0.50
1543, 0.34
1544, 0.40
1545, 0.49
1546, 0.49
1547, 0.53
1548, 0.41
1549, 0.66
1550, 0.18
1551, 0.41
1552, 0.58
1553, 0.26
1554, 0.43
1555, 0.21
1556, 0.38
1557, 0.97
1558, 0.46
1559, 0.63
1560, 0.93
1561, 0.44
1562, 0.15
1563, 0.29
1564, 0.82
1565, 0.95
1566, 0.54
1567, 0.61
1568, 0.43
1569, 0.96
1570, 0.58
1571, 0.97
1572, 0.93
1573, 0.11
1574, 0.19
1575, 0.32
1576, 0.91
1577, 0.93
1578, 0.95
1579, 0.32
1580, 0.29
1581, 0.41
1582, 0.34
1583, 0.49
1584, 0.08
1585, 0.56
1586, 0.27
1587, 0.60
1588, 0.49
1589, 0.85
1590, 0.35
1591, 0.83
1592, 0.68
1593, 0.37
1594, 0.42
1595, 0.32
1596, 0.52
1597, 0.57
1598, 0.70
1599, 0.64
1600, 0.06
1601, 0.47
1602, 0.57
1603, 0.44
1604, 0.52
1605, 0.08
1606, 0.63
1607, 0.42
1608, 0.42
1609, 0.43
1610, 0.47
1611, 0.46
1612, 0.33
1613, 0.18
1614, 0.88
1615, 0.94
1616, 0.36
1617, 0.54
1618, 0.81
1619, 0.39
1620, 1.00
1621, 0.52
1622, 0.95
1623, 0.49
1624, 0.53
1625, 0.46
1626, 0.40
1627, 0.58
1628, 0.70
1629, 0.49
1630, 0.41
1631, 0.47
1632, 0.39
1633, 0.33
1634, 0.59
1635, 0.50
1636, 0.95
1637, 0.60
1638, 0.51
1639, 0.10
1640, 0.03
1641, 0.39
1642, 0.97
1643, 0.72
1644, 0.43
1645, 0.35
1646, 0.04
1647, 0.94
1648, 0.78
1649, 0.13
1650, 0.38
1651, 0.36
1652, 0.14
1653, 1.00
1654, 0.08
1655, 0.56
1656, 0.29
1657, 0.36
1658, 0.50
1659, 0.50
1660, 0.55
1661, 0.12
1662, 0.58
1663, 0.57
1664, 0.51
1665, 1.00
1666, 0.33
1667, 0.53
1668, 0.07
1669, 0.49
1670, 0.50
1671, 0.91
1672, 0.38
1673, 0.61
1674, 0.47
1675, 0.09
1676, 0.47
1677, 0.74
1678, 0.56
1679, 0.91
1680, 0.54
1681, 0.50
1682, 0.57
1683, 0.23
1684, 0.40
1685, 0.71
1686, 0.71
1687, 0.47
1688, 0.10
1689, 0.28
1690, 0.38
1691, 0.59
1692, 0.36
1693, 0.05
1694, 0.45
1695, 0.45
1696, 0.59
1697, 0.95
1698, 0.37
1699, 0.46
1700, 0.47
1701, 0.61
1702, 0.72
1703, 0.91
1704, 0.32
1705, 0.54
1706, 0.96
1707, 0.31
1708, 0.50
1709, 0.44
1710, 0.10
1711, 0.70
1712, 0.54
1713, 0.51
1714, 0.44
1715, 0.95
1716, 0.63
1717, 0.53
1718, 0.17
1719, 0.42
1720, 0.40
1721, 0.38
1722, 0.41
1723, 0.35
1724, 0.45
1725, 0.68
1726, 0.83
1727, 0.48
1728, 0.55
1729, 0.93
1730, 0.31
1731, 0.40
1732, 0.45
1733, 0.62
1734, 0.48
1735, 0.49
1736, 0.58
1737, 0.21
1738, 0.97
1739, 0.45
1740, 0.98
1741, 0.51
1742, 0.46
1743, 0.25
1744, 0.32
1745, 0.52
1746, 0.43
1747, 0.41
1748, 0.52
1749, 0.48
1750, 0.59
1751, 0.24
1752, 0.55
1753, 0.66
1754, 0.92
1755, 0.61
1756, 0.36
1757, 0.98
1758, 0.41
1759, 0.63
1760, 0.54
1761, 0.69
1762, 0.47
1763, 0.50
1764, 0.56
1765, 0.58
1766, 0.58
1767, 0.97
1768, 0.38
1769, 0.51
1770, 0.26
1771, 0.38
1772, 0.50
1773, 0.48
1774, 0.52
1775, 0.53
1776, 0.46
1777, 0.55
1778, 0.56
1779, 0.43
1780, 0.98
1781, 0.50
1782, 0.33
1783, 0.58
1784, 0.24
1785, 0.41
1786, 0.41
1787, 0.91
1788, 0.42
1789, 0.43
1790, 0.42
1791, 0.16
1792, 0.58
1793, 0.41
1794, 0.37
1795, 0.18
1796, 0.40
1797, 0.57
1798, 0.17
1799, 0.34
1800, 0.92
1801, 0.48
1802, 0.55
1803, 0.48
1804, 0.40
1805, 0.52
1806, 0.99
1807, 0.55
1808, 0.49
1809, 0.49
1810, 0.61
1811, 0.42
1812, 0.39
1813, 0.53
1814, 0.51
1815, 0.58
1816, 0.29
1817, 0.46
1818, 0.61
1819, 0.36
1820, 0.42
1821, 0.46
1822, 0.37
1823, 0.10
1824, 0.47
1825, 0.38
1826, 0.49
1827, 0.18
1828, 0.18
1829, 0.56
1830, 0.45
1831, 0.50
1832, 0.14
1833, 0.94
1834, 0.54
1835, 0.34
1836, 0.38
1837, 0.42
1838, 0.37
1839, 0.29
1840, 0.39
1841, 0.43
1842, 0.39
1843, 0.16
1844, 0.40
1845, 0.51
1846, 0.80
1847, 0.23
1848, 0.51
1849, 0.41
1850, 0.59
1851, 0.55
1852, 0.53
1853, 0.50
1854, 0.62
1855, 0.40
1856, 0.48
1857, 0.36
1858, 0.34
1859, 0.48
1860, 0.17
1861, 0.47
1862, 0.83
1863, 0.11
1864, 0.42
1865, 0.44
1866, 0.48
1867, 0.59
1868, 0.43
1869, 0.49
1870, 0.41
1871, 0.40
1872, 0.50
1873, 0.55
1874, 0.35
1875, 0.55
1876, 0.97
1877, 0.55
1878, 0.34
1879, 0.64
1880, 0.88
1881, 0.93
1882, 0.59
1883, 0.22
1884, 0.59
1885, 0.09
1886, 0.31
1887, 0.08
1888, 0.50
1889, 0.53
1890, 0.62
1891, 0.52
1892, 0.89
1893, 0.56
1894, 0.17
1895, 0.53
1896, 0.39
1897, 0.45
1898, 0.33
1899, 0.83
1900, 0.43
1901, 0.49
1902, 0.97
1903, 0.64
1904, 0.29
1905, 0.56
1906, 0.49
1907, 0.92
1908, 0.51
1909, 0.50
1910, 0.46
1911, 0.34
1912, 0.91
1913, 0.51
1914, 0.36
1915, 0.33
1916, 0.54
1917, 0.58
1918, 0.24
1919, 0.95
1920, 0.34
1921, 0.91
1922, 0.72
1923, 0.34
1924, 0.99
1925, 0.30
1926, 0.45
1927, 0.44
1928, 0.39
1929, 0.36
1930, 0.12
1931, 0.30
1932, 0.21
1933, 0.54
1934, 0.47
1935, 0.50
1936, 0.49
1937, 0.67
1938, 0.64
1939, 0.45
1940, 0.45
1941, 0.42
1942, 0.48
1943, 0.51
1944, 0.96
1945, 0.39
1946, 0.52
1947, 0.18
1948, 0.42
1949, 0.93
1950, 0.36
1951, 0.51
1952, 0.49
1953, 0.84
1954, 0.53
1955, 0.48
1956, 0.64
1957, 0.49
1958, 0.38
1959, 0.58
1960, 0.31
1961, 0.94
1962, 0.76
1963, 0.55
1964, 0.61
1965, 0.41
1966, 0.46
1967, 0.52
1968, 0.29
1969, 0.60
1970, 0.86
1971, 0.58
1972, 0.97
1973, 0.50
1974, 0.55
1975, 0.60
1976, 0.36
1977, 0.53
1978, 0.43
1979, 0.57
1980, 0.38
1981, 0.53
1982, 0.40
1983, 0.36
1984, 0.63
1985, 0.42
1986, 0.97
1987, 0.44
1988, 0.57
1989, 0.50
1990, 0.55
1991, 0.40
1992, 0.74
1993, 0.59
1994, 0.64
1995, 0.45
1996, 0.42
1997, 0.43
1998, 0.65
1999, 0.40
2000, 0.48
2001, 0.05
2002, 0.45
2003, 0.37
2004, 0.98
2005, 0.91
2006, 0.55
2007, 0.81
2008, 0.28
2009, 0.50
2010, 0.98
2011, 0.41
2012, 0.48
2013, 0.43
2014, 0.47
2015, 0.63
2016, 0.54
2017, 0.39
2018, 0.49
2019, 0.36
2020, 0.36
2021, 0.49
2022, 0.46
2023, 0.15
2024, 0.42
2025, 0.40
2026, 0.47
2027, 0.98
2028, 0.55
2029, 0.93
2030, 0.15
2031, 0.53
2032, 0.25
2033, 0.27
2034, 0.45
2035, 0.56
2036, 0.44
2037, 0.42
2038, 0.48
2039, 0.48
2040, 0.05
2041, 0.37
2042, 0.54
2043, 0.43
2044, 0.53
2045, 0.57
2046, 0.84
2047, 0.13
2048, 0.37
2049, 0.44
2050, 0.33
2051, 0.17
2052, 0.55
2053, 0.54
2054, 0.35
2055, 0.49
2056, 0.43
2057, 0.45
2058, 0.34
2059, 0.42
2060, 0.39
2061, 0.67
2062, 0.34
2063, 0.37
2064, 0.37
2065, 1.00
2066, 0.23
2067, 0.56
2068, 0.41
2069, 0.08
2070, 0.49
2071, 0.42
2072, 0.13
2073, 0.48
2074, 0.38
2075, 0.55
2076, 0.52
2077, 0.40
2078, 0.47
2079, 0.28
2080, 0.46
2081, 0.88
2082, 0.58
2083, 0.32
2084, 0.59
2085, 0.40
2086, 0.38
2087, 0.99
2088, 0.51
2089, 0.56
2090, 0.54
2091, 0.50
2092, 0.70
2093, 0.47
2094, 0.32
2095, 0.41
2096, 0.24
2097, 0.21
2098, 0.06
2099, 0.41
2100, 0.31
2101, 0.41
2102, 0.33
2103, 0.44
2104, 0.20
2105, 0.86
2106, 0.75
2107, 0.92
2108, 0.25
2109, 0.60
2110, 0.53
2111, 0.39
2112, 0.16
2113, 0.37
2114, 0.01
2115, 0.95
2116, 0.22
2117, 0.53
2118, 0.07
2119, 0.54
2120, 0.46
2121, 0.50
2122, 0.45
2123, 0.37
2124, 0.75
2125, 0.61
2126, 0.53
2127, 0.48
2128, 0.47
2129, 0.52
2130, 0.52
2131, 0.38
2132, 0.58
2133, 0.97
2134, 0.98
2135, 0.54
2136, 0.32
2137, 0.94
2138, 0.53
2139, 0.40
2140, 0.29
2141, 0.98
2142, 0.41
2143, 0.97
2144, 0.37
2145, 0.52
2146, 0.69
2147, 0.55
2148, 0.55
2149, 0.14
2150, 0.19
2151, 0.47
2152, 0.50
2153, 0.45
2154, 0.83
2155, 0.43
2156, 0.32
2157, 0.56
2158, 0.51
2159, 0.54
2160, 0.52
2161, 0.67
2162, 0.64
2163, 0.14
2164, 0.56
2165, 0.44
2166, 0.62
2167, 0.66
2168, 0.96
2169, 0.51
2170, 0.54
2171, 0.52
2172, 0.34
2173, 0.53
2174, 0.07
2175, 0.44
2176, 0.41
2177, 0.57
2178, 0.47
2179, 0.45
2180, 0.48
2181, 0.51
2182, 0.95
2183, 0.53
2184, 0.52
2185, 0.53
2186, 0.56
2187, 0.24
2188, 0.41
2189, 0.39
2190, 0.19
2191, 0.06
2192, 0.35
2193, 0.99
2194, 0.35
2195, 0.56
2196, 0.88
2197, 0.07
2198, 0.46
2199, 0.36
2200, 0.51
2201, 0.39
2202, 0.94
2203, 0.81
2204, 0.61
2205, 0.27
2206, 0.06
2207, 0.26
2208, 0.14
2209, 0.26
2210, 0.99
2211, 0.29
2212, 0.67
2213, 0.41
2214, 0.14
2215, 0.42
2216, 0.09
2217, 0.98
2218, 0.42
2219, 0.53
2220, 0.53
2221, 0.43
2222, 0.49
2223, 0.55
2224, 0.13
2225, 0.59
2226, 0.51
2227, 0.43
2228, 0.34
2229, 0.39
2230, 0.55
2231, 0.50
2232, 0.94
2233, 0.50
2234, 0.49
2235, 0.56
2236, 0.25
2237, 0.41
2238, 0.35
2239, 0.25
2240, 0.52
2241, 0.54
2242, 0.60
2243, 0.98
2244, 0.09
2245, 0.46
2246, 0.45
2247, 0.45
2248, 0.22
2249, 0.12
2250, 0.94
2251, 0.48
2252, 0.51
2253, 0.46
2254, 0.03
2255, 0.84
2256, 0.25
2257, 0.36
2258, 0.39
2259, 0.16
2260, 0.95
2261, 0.97
2262, 0.65
2263, 0.42
2264, 0.18
2265, 0.17
2266, 0.61
2267, 0.24
2268, 0.98
2269, 0.58
2270, 0.17
2271, 0.55
2272, 0.43
2273, 0.37
2274, 0.08
2275, 0.87
2276, 0.41
2277, 0.34
2278, 0.52
2279, 0.09
2280, 0.57
2281, 0.59
2282, 0.48
2283, 0.47
2284, 0.48
2285, 0.53
2286, 0.59
2287, 0.15
2288, 0.39
2289, 0.65
2290, 0.99
2291, 0.36
2292, 0.99
2293, 0.95
2294, 0.42
2295, 0.66
2296, 0.64
2297, 0.41
2298, 0.42
2299, 0.22
2300, 0.92
2301, 0.28
2302, 0.15
2303, 0.45
2304, 0.41
2305, 0.56
2306, 0.26
2307, 0.58
2308, 0.46
2309, 0.65
2310, 0.31
2311, 0.48
2312, 0.41
2313, 0.32
2314, 0.48
2315, 0.51
2316, 0.37
2317, 0.74
2318, 0.55
2319, 0.33
2320, 0.43
2321, 0.44
2322, 0.39
2323, 0.33
2324, 0.36
2325, 0.42
2326, 0.24
2327, 0.32
2328, 0.40
2329, 0.03
2330, 0.50
2331, 0.40
2332, 0.42
2333, 0.92
2334, 0.36
2335, 0.37
2336, 0.95
2337, 0.39
2338, 0.67
2339, 0.45
2340, 0.39
2341, 0.31
2342, 0.28
2343, 0.86
2344, 0.46
2345, 0.26
2346, 0.51
2347, 0.51
2348, 0.31
2349, 0.57
2350, 0.39
2351, 1.00
2352, 0.44
2353, 0.18
2354, 0.48
2355, 0.51
2356, 0.25
2357, 0.93
2358, 0.44
2359, 0.17
2360, 0.35
2361, 1.00
2362, 0.55
2363, 0.98
2364, 0.63
2365, 0.62
2366, 0.43
2367, 0.04
2368, 0.47
2369, 0.42
2370, 0.44
2371, 0.38
2372, 0.39
2373, 0.48
2374, 0.38
2375, 0.55
2376, 0.42
2377, 0.47
2378, 0.59
2379, 0.61
2380, 0.30
2381, 0.13
2382, 0.57
2383, 0.49
2384, 0.44
2385, 0.79
2386, 0.47
2387, 0.95
2388, 0.31
2389, 0.98
2390, 0.44
2391, 0.47
2392, 0.95
2393, 0.37
2394, 0.04
2395, 0.51
2396, 0.29
2397, 0.44
2398, 0.95
2399, 0.33
2400, 0.48
2401, 0.41
2402, 0.44
2403, 0.31
2404, 0.31
2405, 0.52
2406, 0.49
2407, 0.09
2408, 0.96
2409, 0.20
2410, 0.52
2411, 0.52
2412, 0.93
2413, 0.55
2414, 0.49
2415, 0.42
2416, 0.56
2417, 0.61
2418, 0.47
2419, 0.99
2420, 0.52
2421, 0.99
2422, 0.57
2423, 0.51
2424, 0.59
2425, 0.55
2426, 0.35
2427, 0.50
2428, 0.53
2429, 0.46
2430, 0.25
2431, 0.52
2432, 0.73
2433, 0.90
2434, 0.54
2435, 0.40
2436, 0.22
2437, 0.29
2438, 0.40
2439, 0.52
2440, 0.29
2441, 0.12
2442, 0.51
2443, 0.50
2444, 0.24
2445, 0.32
2446, 0.05
2447, 0.36
2448, 0.55
2449, 0.52
2450, 0.46
2451, 0.32
2452, 0.39
2453, 0.44
2454, 0.34
2455, 0.62
2456, 0.84
2457, 0.52
2458, 0.47
2459, 0.34
2460, 0.87
2461, 0.93
2462, 0.36
2463, 0.87
2464, 0.47
2465, 0.42
2466, 0.22
2467, 0.72
2468, 0.47
2469, 0.03
2470, 0.45
2471, 0.41
2472, 0.06
2473, 0.59
2474, 0.38
2475, 0.52
2476, 0.69
2477, 0.51
2478, 0.11
2479, 0.99
2480, 0.63
2481, 0.43
2482, 0.98
2483, 0.43
2484, 0.71
2485, 0.28
2486, 0.65
2487, 0.69
2488, 0.54
2489, 0.54
2490, 0.48
2491, 0.55
2492, 0.48
2493, 0.56
2494, 0.60
2495, 0.33
2496, 0.41
2497, 0.33
2498, 0.96
2499, 0.32
2500, 0.53
2501, 0.36
2502, 0.24
2503, 0.17
2504, 0.44
2505, 0.71
2506, 0.51
2507, 0.37
2508, 0.40
2509, 0.26
2510, 0.49
2511, 0.47
2512, 0.30
2513, 0.96
2514, 0.98
2515, 0.64
2516, 0.96
2517, 0.10
2518, 0.48
2519, 0.15
2520, 0.50
2521, 0.40
2522, 0.54
2523, 0.58
2524, 0.47
2525, 0.66
2526, 0.11
2527, 0.51
2528, 0.60
2529, 0.53
2530, 0.61
2531, 0.50
2532, 0.50
2533, 0.31
2534, 0.38
2535, 0.05
2536, 0.49
2537, 0.53
2538, 0.36
2539, 0.56
2540, 0.36
2541, 0.97
2542, 0.13
2543, 0.57
2544, 0.42
2545, 0.51
2546, 0.24
2547, 0.57
2548, 0.35
2549, 0.43
2550, 0.93
2551, 0.38
2552, 0.57
2553, 0.89
2554, 0.42
2555, 0.39
2556, 0.23
2557, 0.45
2558, 0.42
2559, 0.49
2560, 0.41
2561, 0.04
2562, 0.88
2563, 0.93
2564, 0.39
2565, 0.50
2566, 0.47
2567, 0.65
2568, 0.61
2569, 0.91
2570, 0.33
2571, 0.14
2572, 0.51
2573, 0.99
2574, 0.57
2575, 0.40
2576, 0.50
2577, 0.20
2578, 0.60
2579, 0.56
2580, 0.37
2581, 0.50
2582, 0.50
2583, 0.47
2584, 0.40
2585, 0.49
2586, 0.53
2587, 0.58
2588, 0.25
2589, 0.64
2590, 0.37
2591, 0.57
2592, 0.43
2593, 0.39
2594, 0.39
2595, 0.59
2596, 0.22
2597, 0.39
2598, 0.33
2599, 0.38
2600, 0.57
2601, 0.29
2602, 0.49
2603, 0.61
2604, 0.32
2605, 0.41
2606, 0.92
2607, 0.51
2608, 0.53
2609, 0.49
2610, 0.20
2611, 0.26
2612, 0.37
2613, 0.61
2614, 0.17
2615, 0.63
2616, 0.47
2617, 0.92
2618, 0.51
2619, 0.09
2620, 0.53
2621, 0.34
2622, 0.88
2623, 0.45
2624, 0.38
2625, 0.44
2626, 0.94
2627, 0.97
2628, 0.69
2629, 0.52
2630, 0.52
2631, 0.41
2632, 0.52
2633, 0.96
2634, 0.49
2635, 0.41
2636, 0.40
2637, 0.08
2638, 0.15
2639, 0.49
2640, 0.60
2641, 0.40
2642, 0.53
2643, 0.49
2644, 0.29
2645, 0.56
2646, 0.29
2647, 0.48
2648, 0.50
2649, 0.52
2650, 0.45
2651, 0.36
2652, 0.42
2653, 0.09
2654, 0.71
2655, 0.43
2656, 0.54
2657, 0.96
2658, 0.60
2659, 0.13
2660, 0.60
2661, 0.50
2662, 0.92
2663, 0.53
2664, 0.28
2665, 0.65
2666, 0.59
2667, 0.28
2668, 0.60
2669, 0.10
2670, 0.59
2671, 1.00
2672, 0.40
2673, 0.45
2674, 0.53
2675, 0.04
2676, 0.21
2677, 0.42
2678, 0.81
2679, 0.56
2680, 0.39
2681, 0.97
2682, 0.51
2683, 0.92
2684, 0.42
2685, 0.44
2686, 0.72
2687, 0.66
2688, 0.42
2689, 0.62
2690, 0.31
2691, 0.64
2692, 0.63
2693, 0.18
2694, 0.46
2695, 0.41
2696, 0.34
2697, 0.34
2698, 0.51
2699, 0.55
2700, 0.60
2701, 0.18
2702, 0.47
2703, 0.52
2704, 0.49
2705, 0.44
2706, 0.97
2707, 0.40
2708, 0.72
2709, 0.62
2710, 0.67
2711, 0.39
2712, 0.93
2713, 0.49
2714, 0.47
2715, 0.25
2716, 0.39
2717, 0.20
2718, 0.67
2719, 0.40
2720, 0.51
2721, 0.93
2722, 0.42
2723, 0.51
2724, 0.58
2725, 0.16
2726, 0.48
2727, 0.57
2728, 0.56
2729, 0.46
2730, 0.56
2731, 0.56
2732, 0.65
2733, 0.17
2734, 0.29
2735, 0.36
2736, 0.49
2737, 0.37
2738, 0.58
2739, 0.41
2740, 0.56
2741, 0.75
2742, 0.76
2743, 0.89
2744, 0.10
2745, 0.65
2746, 0.32
2747, 0.33
2748, 0.52
2749, 0.49
2750, 0.53
2751, 0.37
2752, 0.22
2753, 0.67
2754, 0.61
2755, 0.92
2756, 0.19
2757, 0.23
2758, 0.99
2759, 0.47
2760, 0.33
2761, 0.11
2762, 0.61
2763, 0.43
2764, 0.62
2765, 0.66
2766, 0.50
2767, 0.46
2768, 0.34
2769, 0.37
2770, 0.45
2771, 0.40
2772, 0.30
2773, 0.50
2774, 0.69
2775, 0.16
2776, 0.87
2777, 0.98
2778, 0.55
2779, 0.10
2780, 0.40
2781, 0.56
2782, 0.19
2783, 0.44
2784, 0.92
2785, 0.48
2786, 1.00
2787, 0.64
2788, 0.06
2789, 0.45
2790, 0.44
2791, 0.41
2792, 0.98
2793, 0.40
2794, 0.68
2795, 0.40
2796, 0.55
2797, 0.43
2798, 0.52
2799, 0.47
2800, 0.07
2801, 0.18
2802, 0.40
2803, 0.54
2804, 0.18
2805, 0.48
2806, 0.17
2807, 0.51
2808, 0.54
2809, 0.45
2810, 0.43
2811, 0.25
2812, 0.33
2813, 0.37
2814, 0.57
2815, 0.48
2816, 0.46
2817, 0.11
2818, 0.33
2819, 0.45
2820, 0.97
2821, 0.40
2822, 0.64
2823, 0.08
2824, 0.59
2825, 0.16
2826, 1.00
2827, 0.39
2828, 0.46
2829, 0.45
2830, 0.41
2831, 0.54
2832, 0.52
2833, 0.54
2834, 0.99
2835, 0.57
2836, 0.11
2837, 0.91
2838, 0.44
2839, 0.43
2840, 0.56
2841, 0.32
2842, 0.50
2843, 0.54
2844, 0.33
2845, 0.40
2846, 0.45
2847, 0.58
2848, 0.73
2849, 0.70
2850, 0.54
2851, 0.57
2852, 0.10
2853, 0.60
2854, 0.40
2855, 0.52
2856, 0.13
2857, 0.98
2858, 0.50
2859, 0.39
2860, 0.42
2861, 0.40
2862, 0.46
2863, 0.52
2864, 0.60
2865, 0.60
2866, 0.44
2867, 0.39
2868, 0.50
2869, 0.54
2870, 0.22
2871, 0.05
2872, 0.41
2873, 0.53
2874, 0.41
2875, 0.45
2876, 0.03
2877, 0.41
2878, 0.60
2879, 0.43
2880, 0.94
2881, 0.58
2882, 0.98
2883, 0.99
2884, 0.95
2885, 0.48
2886, 0.49
2887, 0.59
2888, 0.51
2889, 0.50
2890, 0.66
2891, 0.54
2892, 0.42
2893, 0.56
2894, 0.36
2895, 0.62
2896, 0.97
2897, 0.11
2898, 0.98
2899, 0.49
2900, 0.52
2901, 0.36
2902, 0.95
2903, 0.98
2904, 0.05
2905, 0.38
2906, 0.49
2907, 0.56
2908, 0.54
2909, 0.29
2910, 0.99
2911, 0.50
2912, 0.26
2913, 0.40
2914, 0.31
2915, 0.76
2916, 0.50
2917, 0.17
2918, 0.75
2919, 0.29
2920, 0.34
2921, 0.99
2922, 0.51
2923, 0.49
2924, 0.44
2925, 0.47
2926, 0.39
2927, 0.58
2928, 0.43
2929, 0.56
2930, 0.45
2931, 0.52
2932, 0.47
2933, 0.48
2934, 0.45
2935, 0.60
2936, 0.57
2937, 0.35
2938, 0.70
2939, 0.11
2940, 0.66
2941, 0.24
2942, 0.52
2943, 0.49
2944, 0.49
2945, 0.07
2946, 0.70
2947, 0.47
2948, 0.99
2949, 0.90
2950, 0.21
2951, 0.42
2952, 0.67
2953, 0.45
2954, 0.99
2955, 0.46
2956, 0.43
2957, 0.91
2958, 0.38
2959, 0.29
2960, 0.54
2961, 0.40
2962, 0.26
2963, 0.46
2964, 0.41
2965, 0.26
2966, 0.45
2967, 0.44
2968, 0.33
2969, 0.53
2970, 0.02
2971, 0.53
2972, 0.19
2973, 0.98
2974, 0.51
2975, 0.18
2976, 0.77
2977, 0.68
2978, 0.41
2979, 0.42
2980, 0.37
2981, 0.54
2982, 0.42
2983, 0.29
2984, 0.38
2985, 0.55
2986, 0.61
2987, 0.03
2988, 0.46
2989, 0.28
2990, 0.66
2991, 0.50
2992, 0.72
2993, 0.42
2994, 0.46
2995, 0.63
2996, 0.22
2997, 0.72
2998, 0.35
2999, 0.46
3000, 0.15
3001, 0.47
3002, 0.48
3003, 0.94
3004, 0.90
3005, 0.37
3006, 0.36
3007, 0.53
3008, 0.51
3009, 0.28
3010, 0.51
3011, 0.39
3012, 0.47
3013, 0.54
3014, 0.53
3015, 0.52
3016, 0.39
3017, 0.57
3018, 0.48
3019, 0.53
3020, 0.47
3021, 0.60
3022, 0.34
3023, 0.57
3024, 0.58
3025, 0.50
3026, 0.57
3027, 0.43
3028, 0.55
3029, 0.35
3030, 0.41
3031, 0.95
3032, 0.41
3033, 0.37
3034, 0.34
3035, 0.55
3036, 0.60
3037, 0.38
3038, 0.38
3039, 0.64
3040, 0.66
3041, 0.12
3042, 0.32
3043, 0.39
3044, 0.66
3045, 0.76
3046, 0.43
3047, 0.11
3048, 0.42
3049, 0.29
3050, 0.11
3051, 0.39
3052, 0.58
3053, 0.28
3054, 0.17
3055, 0.48
3056, 0.39
3057, 0.63
3058, 0.68
3059, 0.31
3060, 0.55
3061, 0.64
3062, 0.30
3063, 0.39
3064, 0.11
3065, 0.60
3066, 0.59
3067, 0.28
3068, 0.57
3069, 0.48
3070, 0.53
3071, 0.32
3072, 0.80
3073, 0.47
3074, 0.48
3075, 0.32
3076, 0.54
3077, 0.03
3078, 0.44
3079, 0.50
3080, 0.61
3081, 1.00
3082, 1.00
3083, 0.41
3084, 0.53
3085, 0.33
3086, 0.53
3087, 0.57
3088, 0.41
3089, 0.98
3090, 0.55
3091, 0.41
3092, 0.12
3093, 0.58
3094, 0.97
3095, 0.47
3096, 0.28
3097, 0.39
3098, 0.58
3099, 0.57
3100, 0.97
3101, 0.45
3102, 0.26
3103, 0.38
3104, 0.18
3105, 0.25
3106, 0.30
3107, 0.28
3108, 0.37
3109, 0.23
3110, 0.98
3111, 0.59
3112, 0.49
3113, 0.65
3114, 0.35
3115, 0.61
3116, 0.31
3117, 0.38
3118, 0.40
3119, 0.47
3120, 0.25
3121, 0.56
3122, 0.28
3123, 0.46
3124, 0.86
3125, 0.39
3126, 0.53
3127, 0.44
3128, 0.18
3129, 0.58
3130, 0.73
3131, 0.16
3132, 0.52
3133, 0.76
3134, 0.53
3135, 0.64
3136, 0.38
3137, 0.51
3138, 0.41
3139, 0.35
3140, 0.39
3141, 0.41
3142, 0.85
3143, 0.53
3144, 0.65
3145, 0.08
3146, 0.45
3147, 0.31
3148, 0.50
3149, 0.46
3150, 0.48
3151, 0.51
3152, 0.62
3153, 0.42
3154, 0.57
3155, 0.40
3156, 0.45
3157, 0.64
3158, 0.57
3159, 0.95
3160, 0.98
3161, 0.34
3162, 0.64
3163, 0.39
3164, 0.93
3165, 0.61
3166, 0.58
3167, 0.09
3168, 0.54
3169, 0.46
3170, 0.59
3171, 0.51
3172, 0.61
3173, 0.97
3174, 0.56
3175, 0.62
3176, 0.51
3177, 0.40
3178, 0.64
3179, 0.13
3180, 0.18
3181, 0.43
3182, 0.62
3183, 0.42
3184, 0.52
3185, 0.37
3186, 0.09
3187, 0.47
3188, 0.46
3189, 0.39
3190, 0.55
3191, 0.96
3192, 0.53
3193, 0.31
3194, 0.99
3195, 0.07
3196, 0.44
3197, 0.52
3198, 0.40
3199, 0.33
3200, 0.61
3201, 0.61
3202, 0.41
3203, 0.52
3204, 0.99
3205, 0.46
3206, 0.56
3207, 0.96
3208, 0.34
3209, 0.51
3210, 0.39
3211, 0.98
3212, 0.91
3213, 0.12
3214, 0.29
3215, 0.92
3216, 0.29
3217, 0.55
3218, 0.74
3219, 0.51
3220, 0.35
3221, 0.52
3222, 0.98
3223, 0.46
3224, 0.62
3225, 0.55
3226, 0.51
3227, 0.55
3228, 0.42
3229, 0.41
3230, 0.47
3231, 0.33
3232, 0.97
3233, 0.50
3234, 0.45
3235, 0.19
3236, 0.54
3237, 0.60
3238, 0.41
3239, 0.71
3240, 0.46
3241, 0.33
3242, 0.28
3243, 0.33
3244, 0.60
3245, 0.39
3246, 0.47
3247, 0.93
3248, 0.49
3249, 0.65
3250, 0.32
3251, 0.49
3252, 0.81
3253, 0.52
3254, 0.99
3255, 0.51
3256, 0.41
3257, 0.51
3258, 0.95
3259, 0.53
3260, 0.07
3261, 0.26
3262, 0.40
3263, 0.47
3264, 0.31
3265, 0.76
3266, 0.52
3267, 0.04
3268, 0.54
3269, 0.62
3270, 0.52
3271, 0.37
3272, 0.43
3273, 0.43
3274, 0.95
3275, 0.74
3276, 0.12
3277, 0.51
3278, 0.44
3279, 0.78
3280, 0.62
3281, 0.40
3282, 0.53
3283, 0.21
3284, 0.46
3285, 0.50
3286, 0.98
3287, 0.53
3288, 0.33
3289, 0.57
3290, 0.13
3291, 0.83
3292, 0.98
3293, 0.61
3294, 0.35
3295, 0.22
3296, 0.48
3297, 0.35
3298, 0.55
3299, 0.40
3300, 0.35
3301, 0.44
3302, 0.44
3303, 0.48
3304, 0.62
3305, 0.20
3306, 0.31
3307, 0.59
3308, 0.43
3309, 0.61
3310, 1.00
3311, 0.51
3312, 0.49
3313, 0.98
3314, 0.63
3315, 0.21
3316, 0.34
3317, 0.39
3318, 0.61
3319, 0.34
3320, 0.46
3321, 0.42
3322, 0.50
3323, 0.56
3324, 0.37
3325, 0.23
3326, 0.17
3327, 0.09
3328, 0.50
3329, 0.13
3330, 0.52
3331, 0.55
3332, 0.36
3333, 0.38
3334, 0.48
3335, 0.98
3336, 0.12
3337, 0.44
3338, 0.08
3339, 0.67
3340, 0.88
3341, 0.47
3342, 0.89
3343, 0.09
3344, 0.43
3345, 0.75
3346, 0.62
3347, 0.47
3348, 0.26
3349, 0.49
3350, 0.35
3351, 0.48
3352, 0.10
3353, 0.35
3354, 0.41
3355, 0.09
3356, 0.52
3357, 0.49
3358, 0.11
3359, 0.38
3360, 0.47
3361, 0.58
3362, 0.42
3363, 0.46
3364, 0.31
3365, 0.65
3366, 0.49
3367, 0.48
3368, 0.33
3369, 0.50
3370, 0.46
3371, 0.18
3372, 0.47
3373, 0.40
3374, 0.45
3375, 0.46
3376, 0.23
3377, 0.92
3378, 0.31
3379, 0.35
3380, 0.39
3381, 0.13
3382, 0.21
3383, 0.34
3384, 0.16
3385, 0.61
3386, 0.95
3387, 0.38
3388, 0.28
3389, 0.37
3390, 0.71
3391, 0.40
3392, 0.57
3393, 0.17
3394, 0.48
3395, 0.50
3396, 0.98
3397, 0.38
3398, 0.49
3399, 0.57
3400, 0.96
3401, 0.60
3402, 0.61
3403, 0.41
3404, 0.48
3405, 0.37
3406, 0.58
3407, 0.29
3408, 0.45
3409, 0.16
3410, 0.46
3411, 0.56
3412, 0.67
3413, 0.53
3414, 0.98
3415, 0.45
3416, 0.12
3417, 0.94
3418, 0.42
3419, 0.33
3420, 0.13
3421, 0.14
3422, 0.67
3423, 0.13
3424, 0.51
3425, 0.95
3426, 0.64
3427, 0.52
3428, 0.51
3429, 0.49
3430, 0.50
3431, 1.00
3432, 0.31
3433, 0.50
3434, 0.32
3435, 0.42
3436, 0.46
3437, 1.00
3438, 0.11
3439, 0.09
3440, 0.18
3441, 0.37
3442, 0.06
3443, 0.34
3444, 0.35
3445, 0.50
3446, 0.46
3447, 0.64
3448, 0.51
3449, 0.64
3450, 0.08
3451, 0.51
3452, 0.49
3453, 0.45
3454, 0.96
3455, 0.15
3456, 0.10
3457, 0.94
3458, 0.51
3459, 0.48
3460, 0.64
3461, 0.17
3462, 0.95
3463, 0.98
3464, 0.23
3465, 0.09
3466, 0.41
3467, 0.50
3468, 0.31
3469, 0.58
3470, 0.04
3471, 0.54
3472, 0.29
3473, 0.47
3474, 0.54
3475, 0.69
3476, 0.54
3477, 0.33
3478, 0.48
3479, 0.61
3480, 0.48
3481, 0.38
3482, 0.24
3483, 0.53
3484, 0.13
3485, 0.91
3486, 0.59
3487, 0.48
3488, 0.46
3489, 0.49
3490, 0.73
3491, 0.46
3492, 0.88
3493, 0.52
3494, 0.37
3495, 0.42
3496, 0.14
3497, 0.44
3498, 0.44
3499, 0.53
3500, 0.15
3501, 0.46
3502, 0.40
3503, 0.24
3504, 0.19
3505, 0.61
3506, 0.13
3507, 0.42
3508, 0.51
3509, 0.50
3510, 0.51
3511, 0.44
3512, 0.36
3513, 0.35
3514, 0.50
3515, 0.27
3516, 0.71
3517, 0.51
3518, 0.03
3519, 0.47
3520, 0.55
3521, 0.59
3522, 0.06
3523, 0.32
3524, 0.45
3525, 0.88
3526, 0.35
3527, 0.43
3528, 0.85
3529, 0.37
3530, 0.35
3531, 0.40
3532, 0.56
3533, 0.58
3534, 0.39
3535, 0.48
3536, 0.43
3537, 0.42
3538, 0.51
3539, 0.53
3540, 0.51
3541, 0.99
3542, 0.20
3543, 0.47
3544, 0.08
3545, 0.39
3546, 0.53
3547, 0.54
3548, 0.47
3549, 0.43
3550, 0.54
3551, 0.54
3552, 0.47
3553, 0.49
3554, 0.98
3555, 0.38
3556, 0.56
3557, 0.28
3558, 0.52
3559, 0.38
3560, 0.10
3561, 0.97
3562, 0.53
3563, 0.03
3564, 0.22
3565, 0.11
3566, 0.52
3567, 0.48
3568, 0.16
3569, 0.94
3570, 0.41
3571, 0.65
3572, 0.10
3573, 0.59
3574, 0.97
3575, 0.36
3576, 0.32
3577, 0.34
3578, 0.45
3579, 0.12
3580, 0.33
3581, 0.75
3582, 0.32
3583, 0.45
3584, 0.50
3585, 0.35
3586, 0.95
3587, 0.26
3588, 0.59
3589, 0.63
3590, 0.28
3591, 0.50
3592, 0.63
3593, 0.43
3594, 0.10
3595, 0.95
3596, 0.13
3597, 0.31
3598, 0.39
3599, 0.53
3600, 0.07
3601, 0.36
3602, 0.01
3603, 0.95
3604, 0.47
3605, 0.36
3606, 0.56
3607, 0.06
3608, 0.40
3609, 0.60
3610, 0.47
3611, 0.50
3612, 0.52
3613, 0.36
3614, 0.49
3615, 0.08
3616, 0.98
3617, 0.43
3618, 0.47
3619, 0.23
3620, 0.39
3621, 0.16
3622, 0.37
3623, 0.89
3624, 0.47
3625, 0.95
3626, 0.37
3627, 0.35
3628, 0.27
3629, 0.48
3630, 0.40
3631, 0.99
3632, 0.46
3633, 0.15
3634, 0.40
3635, 0.56
3636, 0.50
3637, 0.41
3638, 0.49
3639, 0.31
3640, 0.41
3641, 0.35
3642, 0.58
3643, 0.98
3644, 0.94
3645, 0.41
3646, 0.99
3647, 0.42
3648, 0.47
3649, 0.51
3650, 0.17
3651, 0.35
3652, 0.33
3653, 0.97
3654, 0.53
3655, 0.93
3656, 0.18
3657, 0.06
3658, 0.29
3659, 0.55
3660, 0.96
3661, 0.42
3662, 0.58
3663, 0.60
3664, 0.49
3665, 0.39
3666, 0.63
3667, 0.50
3668, 0.52
3669, 0.41
3670, 0.26
3671, 0.44
3672, 0.50
3673, 0.39
3674, 0.41
3675, 0.65
3676, 0.28
3677, 0.52
3678, 0.54
3679, 0.49
3680, 0.48
3681, 0.50
3682, 0.18
3683, 0.33
3684, 0.56
3685, 0.61
3686, 0.53
3687, 0.43
3688, 0.43
3689, 0.50
3690, 0.13
3691, 0.19
3692, 0.52
3693, 0.37
3694, 1.00
3695, 0.60
3696, 0.62
3697, 0.51
3698, 0.39
3699, 0.39
3700, 0.97
3701, 0.47
3702, 0.34
3703, 0.34
3704, 0.53
3705, 0.99
3706, 0.57
3707, 0.60
3708, 0.44
3709, 0.35
3710, 0.09
3711, 0.57
3712, 0.32
3713, 0.53
3714, 0.51
3715, 0.51
3716, 0.38
3717, 0.85
3718, 0.23
3719, 0.39
3720, 0.09
3721, 0.89
3722, 0.51
3723, 0.63
3724, 0.61
3725, 0.22
3726, 0.20
3727, 0.93
3728, 0.54
3729, 0.49
3730, 0.55
3731, 0.46
3732, 0.49
3733, 0.50
3734, 0.51
3735, 0.49
3736, 0.57
3737, 0.53
3738, 0.36
3739, 0.49
3740, 0.38
3741, 0.36
3742, 0.27
3743, 0.49
3744, 0.33
3745, 0.82
3746, 0.53
3747, 1.00
3748, 0.35
3749, 0.44
3750, 0.47
3751, 0.41
3752, 0.60
3753, 0.60
3754, 0.99
3755, 0.55
3756, 0.30
3757, 0.55
3758, 0.97
3759, 0.38
3760, 0.18
3761, 0.14
3762, 0.47
3763, 0.76
3764, 0.12
3765, 0.62
3766, 0.34
3767, 0.42
3768, 0.27
3769, 0.95
3770, 0.36
3771, 0.37
3772, 0.50
3773, 0.52
3774, 0.59
3775, 0.58
3776, 0.39
3777, 0.31
3778, 0.33
3779, 0.67
3780, 0.48
3781, 0.58
3782, 0.61
3783, 0.63
3784, 0.38
3785, 0.48
3786, 0.75
3787, 0.56
3788, 0.53
3789, 0.32
3790, 0.43
3791, 0.40
3792, 0.51
3793, 0.44
3794, 0.40
3795, 0.44
3796, 0.58
3797, 0.59
3798, 0.89
3799, 0.42
3800, 0.96
3801, 0.42
3802, 0.36
3803, 0.83
3804, 0.54
3805, 0.39
3806, 0.49
3807, 0.45
3808, 0.59
3809, 0.50
3810, 0.19
3811, 0.35
3812, 0.17
3813, 0.45
3814, 0.51
3815, 0.93
3816, 0.27
3817, 0.18
3818, 0.21
3819, 0.32
3820, 0.43
3821, 0.44
3822, 0.29
3823, 0.58
3824, 0.50
3825, 0.14
3826, 0.43
3827, 0.45
3828, 0.92
3829, 0.29
3830, 0.49
3831, 0.54
3832, 0.18
3833, 0.56
3834, 0.75
3835, 0.02
3836, 0.95
3837, 0.60
3838, 0.07
3839, 0.44
3840, 0.13
3841, 0.27
3842, 0.53
3843, 1.00
3844, 0.25
3845, 0.25
3846, 0.36
3847, 0.51
3848, 0.48
3849, 0.50
3850, 0.56
3851, 0.50
3852, 0.54
3853, 0.56
3854, 0.36
3855, 0.97
3856, 0.50
3857, 0.98
3858, 0.52
3859, 0.36
3860, 0.52
3861, 0.99
3862, 0.12
3863, 0.57
3864, 0.09
3865, 0.46
3866, 0.45
3867, 0.69
3868, 0.27
3869, 0.51
3870, 0.43
3871, 0.35
3872, 0.57
3873, 0.95
3874, 0.57
3875, 0.98
3876, 0.38
3877, 0.47
3878, 0.46
3879, 0.35
3880, 0.53
3881, 0.40
3882, 0.55
3883, 0.45
3884, 0.40
3885, 0.33
3886, 0.12
3887, 0.33
3888, 0.63
3889, 0.49
3890, 0.61
3891, 0.50
3892, 0.23
3893, 0.27
3894, 0.47
3895, 0.39
3896, 0.50
3897, 0.33
3898, 0.34
3899, 0.40
3900, 0.37
3901, 0.67
3902, 0.63
3903, 0.45
3904, 0.96
3905, 0.60
3906, 0.44
3907, 0.56
3908, 0.97
3909, 0.49
3910, 0.42
3911, 0.18
3912, 0.31
3913, 0.49
3914, 0.35
3915, 0.54
3916, 0.06
3917, 0.39
3918, 0.69
3919, 0.36
3920, 0.55
3921, 0.41
3922, 0.39
3923, 0.43
3924, 0.93
3925, 0.67
3926, 0.30
3927, 0.56
3928, 1.00
3929, 1.00
3930, 0.46
3931, 0.53
3932, 0.76
3933, 0.45
3934, 0.39
3935, 0.43
3936, 0.45
3937, 0.33
3938, 0.43
3939, 0.52
3940, 0.46
3941, 0.45
3942, 0.27
3943, 0.39
3944, 0.99
3945, 0.54
3946, 0.30
3947, 0.36
3948, 0.04
3949, 0.95
3950, 0.41
3951, 0.35
3952, 1.00
3953, 0.39
3954, 0.57
3955, 0.18
3956, 0.38
3957, 0.52
3958, 0.48
3959, 0.93
3960, 0.27
3961, 0.66
3962, 0.42
3963, 0.51
3964, 0.52
3965, 0.94
3966, 0.50
3967, 0.49
3968, 0.31
3969, 0.56
3970, 0.45
3971, 0.36
3972, 0.66
3973, 0.46
3974, 0.38
3975, 0.40
3976, 0.48
3977, 0.50
3978, 0.94
3979, 0.39
3980, 0.44
3981, 0.44
3982, 0.43
3983, 1.00
3984, 0.59
3985, 0.64
3986, 0.27
3987, 0.10
3988, 0.92
3989, 0.51
3990, 0.38
3991, 0.35
3992, 0.52
3993, 0.51
3994, 0.45
3995, 0.36
3996, 0.20
3997, 0.43
3998, 0.36
3999, 0.39
4000, 0.43
4001, 0.46
4002, 0.33
4003, 1.00
4004, 0.42
4005, 0.61
4006, 0.14
4007, 0.49
4008, 0.46
4009, 0.51
4010, 0.40
4011, 0.96
4012, 0.39
4013, 0.45
4014, 0.33
4015, 0.65
4016, 0.32
4017, 0.19
4018, 0.46
4019, 0.56
4020, 0.62
4021, 0.54
4022, 0.47
4023, 0.57
4024, 0.35
4025, 0.44
4026, 0.54
4027, 0.53
4028, 0.58
4029, 0.89
4030, 0.55
4031, 0.30
4032, 0.44
4033, 0.48
4034, 0.44
4035, 0.46
4036, 0.59
4037, 0.39
4038, 0.51
4039, 0.98
4040, 0.54
4041, 0.57
4042, 0.38
4043, 0.62
4044, 0.50
4045, 0.39
4046, 0.64
4047, 0.39
4048, 0.47
4049, 0.46
4050, 0.52
4051, 0.49
4052, 0.31
4053, 0.34
4054, 0.45
4055, 0.36
4056, 0.61
4057, 0.70
4058, 0.93
4059, 0.47
4060, 0.59
4061, 0.14
4062, 0.35
4063, 0.31
4064, 0.48
4065, 0.47
4066, 0.98
4067, 0.26
4068, 0.98
4069, 0.66
4070, 0.09
4071, 0.98
4072, 0.42
4073, 0.87
4074, 0.43
4075, 0.56
4076, 0.28
4077, 0.46
4078, 1.00
4079, 0.51
4080, 0.44
4081, 0.48
4082, 0.44
4083, 0.41
4084, 0.57
4085, 0.56
4086, 0.44
4087, 0.92
4088, 0.42
4089, 0.52
4090, 0.99
4091, 0.95
4092, 0.98
4093, 0.54
4094, 0.56
4095, 0.48
4096, 0.39
4097, 0.36
4098, 0.04
4099, 0.43
4100, 0.22
4101, 0.20
4102, 0.57
4103, 0.46
4104, 0.17
4105, 0.35
4106, 0.58
4107, 0.46
4108, 0.94
4109, 0.07
4110, 0.91
4111, 0.94
4112, 0.84
4113, 0.48
4114, 0.43
4115, 0.46
4116, 0.38
4117, 0.53
4118, 0.36
4119, 0.40
4120, 0.65
4121, 0.47
4122, 0.50
4123, 0.12
4124, 0.55
4125, 0.48
4126, 0.41
4127, 0.06
4128, 0.44
4129, 0.72
4130, 0.50
4131, 0.47
4132, 0.46
4133, 0.93
4134, 0.45
4135, 0.36
4136, 0.56
4137, 0.51
4138, 0.71
4139, 0.57
4140, 0.48
4141, 0.96
4142, 0.12
4143, 0.53
4144, 0.23
4145, 0.48
4146, 0.92
4147, 0.35
4148, 0.26
4149, 0.15
4150, 0.60
4151, 0.51
4152, 0.45
4153, 0.69
4154, 0.49
4155, 0.96
4156, 0.29
4157, 0.56
4158, 0.50
4159, 0.54
4160, 0.36
4161, 0.15
4162, 0.09
4163, 0.40
4164, 0.46
4165, 0.98
4166, 0.70
4167, 0.33
4168, 0.44
4169, 0.55
4170, 0.58
4171, 0.43
4172, 0.42
4173, 0.65
4174, 0.16
4175, 0.23
4176, 0.96
4177, 0.99
4178, 0.54
4179, 0.98
4180, 0.46
4181, 0.44
4182, 0.39
4183, 0.46
4184, 0.49
4185, 0.38
4186, 0.41
4187, 0.42
4188, 0.91
4189, 0.48
4190, 0.34
4191, 0.60
4192, 0.43
4193, 0.99
4194, 0.34
4195, 0.35
4196, 0.40
4197, 0.38
4198, 0.50
4199, 0.40
4200, 0.60
4201, 0.09
4202, 0.39
4203, 0.44
4204, 0.42
4205, 0.11
4206, 0.66
4207, 0.41
4208, 0.68
4209, 0.26
4210, 0.37
4211, 0.39
4212, 0.47
4213, 1.00
4214, 0.25
4215, 0.49
4216, 0.92
4217, 0.19
4218, 0.61
4219, 0.95
4220, 0.47
4221, 0.44
4222, 0.48
4223, 0.24
4224, 0.43
4225, 0.35
4226, 0.13
4227, 0.48
4228, 0.43
4229, 0.50
4230, 0.40
4231, 0.52
4232, 0.90
4233, 0.62
4234, 0.44
4235, 0.48
4236, 0.50
4237, 0.65
4238, 0.53
4239, 0.97
4240, 0.57
4241, 0.44
4242, 0.96
4243, 0.44
4244, 0.53
4245, 0.43
4246, 0.40
4247, 0.95
4248, 0.54
4249, 0.51
4250, 0.13
4251, 0.53
4252, 0.93
4253, 0.39
4254, 0.55
4255, 0.52
4256, 0.47
4257, 0.23
4258, 0.42
4259, 0.45
4260, 0.99
4261, 0.96
4262, 0.56
4263, 0.16
4264, 0.36
4265, 0.36
4266, 0.97
4267, 0.47
4268, 0.97
4269, 0.43
4270, 0.57
4271, 0.11
4272, 0.10
4273, 0.48
4274, 0.38
4275, 0.54
4276, 0.53
4277, 0.08
4278, 0.53
4279, 0.43
4280, 0.45
4281, 0.45
4282, 0.85
4283, 0.27
4284, 0.41
4285, 0.93
4286, 0.35
4287, 0.46
4288, 0.49
4289, 0.38
4290, 0.37
4291, 0.33
4292, 0.38
4293, 0.54
4294, 0.63
4295, 0.60
4296, 0.67
4297, 0.44
4298, 0.15
4299, 0.46
4300, 0.33
4301, 0.44
4302, 0.36
4303, 0.51
4304, 0.46
4305, 0.97
4306, 0.69
4307, 0.52
4308, 0.15
4309, 0.49
4310, 0.48
4311, 0.27
4312, 0.39
4313, 0.46
4314, 0.23
4315, 0.56
4316, 0.50
4317, 0.06
4318, 0.48
4319, 0.23
4320, 0.54
4321, 1.00
4322, 0.51
4323, 0.98
4324, 0.41
4325, 0.40
4326, 0.27
4327, 0.46
4328, 0.57
4329, 0.55
4330, 0.38
4331, 0.08
4332, 0.84
4333, 1.00
4334, 0.50
4335, 0.48
4336, 0.44
4337, 0.05
4338, 0.66
4339, 0.95
4340, 0.85
4341, 0.69
4342, 0.52
4343, 0.26
4344, 0.43
4345, 0.41
4346, 0.42
4347, 0.38
4348, 0.17
4349, 0.29
4350, 0.45
4351, 0.51
4352, 0.18
4353, 0.97
4354, 0.36
4355, 0.50
4356, 0.34
4357, 0.45
4358, 0.31
4359, 0.51
4360, 0.48
4361, 0.44
4362, 0.50
4363, 0.96
4364, 0.25
4365, 0.85
4366, 0.44
4367, 0.98
4368, 1.00
4369, 0.62
4370, 0.51
4371, 0.30
4372, 0.50
4373, 0.18
4374, 0.38
4375, 0.34
4376, 0.51
4377, 0.39
4378, 0.22
4379, 0.34
4380, 0.58
4381, 0.57
4382, 0.44
4383, 0.37
4384, 0.47
4385, 0.44
4386, 0.46
4387, 0.61
4388, 1.00
4389, 0.57
4390, 0.11
4391, 0.31
4392, 0.47
4393, 0.16
4394, 0.55
4395, 0.52
4396, 0.60
4397, 0.62
4398, 0.35
4399, 0.46
4400, 0.97
4401, 0.40
4402, 0.35
4403, 0.51
4404, 0.45
4405, 0.41
4406, 0.40
4407, 0.22
4408, 0.92
4409, 0.03
4410, 0.52
4411, 0.45
4412, 0.52
4413, 0.51
4414, 0.41
4415, 0.08
4416, 0.52
4417, 0.55
4418, 0.04
4419, 0.43
4420, 0.53
4421, 0.12
4422, 0.40
4423, 0.56
4424, 0.99
4425, 0.49
4426, 0.30
4427, 0.32
4428, 0.22
4429, 0.70
4430, 0.49
4431, 0.31
4432, 0.58
4433, 0.62
4434, 0.45
4435, 0.48
4436, 0.56
4437, 0.51
4438, 0.36
4439, 0.87
4440, 0.98
4441, 0.42
4442, 0.44
4443, 0.43
4444, 0.06
4445, 0.34
4446, 0.51
4447, 0.98
4448, 0.54
4449, 0.53
4450, 0.52
4451, 0.39
4452, 0.27
4453, 0.57
4454, 0.35
4455, 0.36
4456, 0.32
4457, 0.52
4458, 0.98
4459, 0.53
4460, 0.37
4461, 0.45
4462, 0.15
4463, 0.26
4464, 0.15
4465, 0.45
4466, 0.30
4467, 0.32
4468, 0.39
4469, 0.62
4470, 0.78
4471, 0.24
4472, 0.26
4473, 0.44
4474, 0.20
4475, 0.46
4476, 0.92
4477, 0.41
4478, 0.92
4479, 0.33
4480, 0.55
4481, 0.56
4482, 0.46
4483, 0.52
4484, 0.43
4485, 0.31
4486, 0.44
4487, 0.44
4488, 0.45
4489, 0.45
4490, 0.25
4491, 0.48
4492, 0.39
4493, 0.45
4494, 0.33
4495, 0.97
4496, 0.53
4497, 0.51
4498, 0.95
4499, 0.40
4500, 0.04
4501, 0.85
4502, 0.84
4503, 0.39
4504, 0.56
4505, 0.75
4506, 0.37
4507, 0.51
4508, 0.67
4509, 0.42
4510, 0.49
4511, 0.54
4512, 0.65
4513, 0.36
4514, 0.93
4515, 0.47
4516, 0.41
4517, 0.66
4518, 0.58
4519, 0.56
4520, 0.37
4521, 0.17
4522, 0.42
4523, 0.94
4524, 0.42
4525, 0.40
4526, 0.20
4527, 0.99
4528, 0.47
4529, 0.48
4530, 0.34
4531, 0.49
4532, 0.38
4533, 0.26
4534, 0.93
4535, 0.36
4536, 0.41
4537, 0.97
4538, 0.36
4539, 0.24
4540, 0.48
4541, 0.41
4542, 0.16
4543, 0.36
4544, 0.46
4545, 0.95
4546, 0.40
4547, 0.43
4548, 0.62
4549, 0.33
4550, 0.48
4551, 0.37
4552, 0.38
4553, 0.93
4554, 0.47
4555, 0.49
4556, 0.71
4557, 0.47
4558, 0.50
4559, 0.58
4560, 0.51
4561, 0.54
4562, 0.57
4563, 0.96
4564, 0.99
4565, 0.54
4566, 0.54
4567, 0.64
4568, 0.35
4569, 0.71
4570, 0.19
4571, 0.46
4572, 0.48
4573, 0.42
4574, 0.35
4575, 0.81
4576, 0.94
4577, 0.42
4578, 0.38
4579, 0.47
4580, 0.13
4581, 0.86
4582, 0.72
4583, 0.57
4584, 0.52
4585, 0.98
4586, 0.35
4587, 0.98
4588, 0.61
4589, 0.37
4590, 0.40
4591, 0.42
4592, 0.49
4593, 0.40
4594, 0.29
4595, 0.93
4596, 0.53
4597, 0.38
4598, 0.46
4599, 0.44
4600, 0.34
4601, 0.09
4602, 0.44
4603, 0.44
4604, 0.50
4605, 0.43
4606, 0.37
4607, 0.21
4608, 0.52
4609, 0.44
4610, 0.30
4611, 0.58
4612, 0.56
4613, 0.18
4614, 0.54
4615, 0.09
4616, 0.53
4617, 0.68
4618, 0.97
4619, 0.27
4620, 0.41
4621, 0.40
4622, 0.86
4623, 0.97
4624, 0.46
4625, 0.57
4626, 0.80
4627, 0.08
4628, 0.16
4629, 0.81
4630, 0.40
4631, 0.35
4632, 0.51
4633, 0.48
4634, 0.63
4635, 0.44
4636, 1.00
4637, 0.46
4638, 0.58
4639, 0.98
4640, 1.00
4641, 0.41
4642, 0.12
4643, 0.74
4644, 0.44
4645, 0.24
4646, 0.41
4647, 0.43
4648, 0.53
4649, 0.61
4650, 0.26
4651, 0.50
4652, 0.58
4653, 0.31
4654, 0.54
4655, 0.51
4656, 0.93
4657, 0.39
4658, 0.41
4659, 0.13
4660, 0.50
4661, 0.57
4662, 0.57
4663, 0.33
4664, 0.96
4665, 0.46
4666, 0.54
4667, 0.98
4668, 0.32
4669, 0.53
4670, 0.44
4671, 0.44
4672, 0.65
4673, 0.15
4674, 0.90
4675, 0.40
4676, 0.07
4677, 0.46
4678, 0.16
4679, 0.18
4680, 0.45
4681, 0.48
4682, 0.96
4683, 0.93
4684, 0.93
4685, 0.60
4686, 0.14
4687, 0.45
4688, 0.41
4689, 0.57
4690, 0.94
4691, 0.47
4692, 0.74
4693, 0.75
4694, 0.38
4695, 0.49
4696, 0.10
4697, 0.39
4698, 0.19
4699, 0.45
4700, 0.62
4701, 0.62
4702, 0.49
4703, 0.43
4704, 0.21
4705, 0.45
4706, 0.46
4707, 0.63
4708, 0.96
4709, 0.83
4710, 0.46
4711, 0.41
4712, 0.07
4713, 0.49
4714, 0.46
4715, 0.31
4716, 0.73
4717, 0.47
4718, 0.99
4719, 0.84
4720, 0.44
4721, 0.48
4722, 0.48
4723, 0.60
4724, 0.33
4725, 0.26
4726, 0.35
4727, 0.49
4728, 0.55
4729, 0.28
4730, 0.64
4731, 0.57
4732, 0.35
4733, 0.55
4734, 0.45
4735, 0.54
4736, 0.39
4737, 0.53
4738, 0.60
4739, 0.59
4740, 0.28
4741, 0.42
4742, 0.59
4743, 0.63
4744, 0.63
4745, 0.35
4746, 0.53
4747, 0.73
4748, 0.38
4749, 0.95
4750, 0.41
4751, 0.36
4752, 0.37
4753, 0.34
4754, 0.74
4755, 0.90
4756, 0.52
4757, 0.61
4758, 0.65
4759, 0.37
4760, 0.69
4761, 0.31
4762, 0.98
4763, 0.07
4764, 0.11
4765, 0.43
4766, 0.37
4767, 0.54
4768, 0.40
4769, 0.48
4770, 0.44
4771, 0.97
4772, 0.44
4773, 0.53
4774, 0.68
4775, 0.54
4776, 0.46
4777, 0.28
4778, 0.49
4779, 0.43
4780, 0.55
4781, 0.98
4782, 0.51
4783, 0.94
4784, 0.81
4785, 0.97
4786, 0.84
4787, 0.99
4788, 0.28
4789, 0.43
4790, 0.48
4791, 0.52
4792, 0.50
4793, 0.37
4794, 0.20
4795, 0.99
4796, 0.86
4797, 0.57
4798, 0.48
4799, 0.52
4800, 0.36
4801, 0.39
4802, 0.18
4803, 0.30
4804, 0.53
4805, 0.49
4806, 0.51
4807, 0.25
4808, 0.64
4809, 0.50
4810, 0.44
4811, 0.40
4812, 0.40
4813, 0.41
4814, 0.15
4815, 0.45
4816, 0.42
4817, 0.50
4818, 0.40
4819, 0.33
4820, 0.96
4821, 0.39
4822, 0.03
4823, 0.24
4824, 0.46
4825, 0.12
4826, 0.38
4827, 0.50
4828, 0.48
4829, 0.94
4830, 0.53
4831, 0.66
4832, 0.30
4833, 0.96
4834, 0.35
4835, 0.45
4836, 0.97
4837, 0.06
4838, 0.22
4839, 0.05
4840, 0.40
4841, 0.43
4842, 0.31
4843, 0.54
4844, 0.43
4845, 0.47
4846, 0.95
4847, 0.41
4848, 0.96
4849, 0.34
4850, 0.66
4851, 0.08
4852, 0.61
4853, 0.47
4854, 0.25
4855, 0.45
4856, 0.08
4857, 0.55
4858, 0.58
4859, 0.30
4860, 0.65
4861, 0.21
4862, 0.54
4863, 0.54
4864, 0.88
4865, 0.14
4866, 0.73
4867, 0.62
4868, 0.13
4869, 0.59
4870, 0.34
4871, 0.97
4872, 0.51
4873, 0.64
4874, 0.44
4875, 0.47
4876, 0.33
4877, 0.92
4878, 0.56
4879, 0.33
4880, 0.52
4881, 0.54
4882, 0.96
4883, 0.96
4884, 0.29
4885, 0.41
4886, 0.49
4887, 0.59
4888, 0.46
4889, 0.55
4890, 0.42
4891, 0.49
4892, 0.11
4893, 0.19
4894, 0.19
4895, 0.51
4896, 0.68
4897, 0.43
4898, 0.28
4899, 0.62
4900, 0.55
4901, 0.49
4902, 0.42
4903, 0.60
4904, 0.38
4905, 0.54
4906, 0.92
4907, 0.39
4908, 0.21
4909, 0.48
4910, 0.50
4911, 0.61
4912, 1.00
4913, 0.47
4914, 0.50
4915, 0.97
4916, 0.97
4917, 0.39
4918, 0.56
4919, 0.33
4920, 0.32
4921, 0.29
4922, 0.17
4923, 0.98
4924, 0.39
4925, 0.49
4926, 0.32
4927, 0.66
4928, 0.59
4929, 0.97
4930, 0.93
4931, 0.55
4932, 0.39
4933, 0.31
4934, 0.22
4935, 0.34
4936, 0.44
4937, 0.55
4938, 0.58
4939, 0.45
4940, 0.32
4941, 0.51
4942, 0.44
4943, 0.43
4944, 0.98
4945, 0.39
4946, 0.33
4947, 0.37
4948, 0.13
4949, 0.46
4950, 0.47
4951, 0.48
4952, 0.57
4953, 0.52
4954, 0.47
4955, 0.40
4956, 0.42
4957, 0.47
4958, 0.40
4959, 0.44
4960, 0.46
4961, 1.00
4962, 0.33
4963, 0.33
4964, 0.50
4965, 0.38
4966, 0.54
4967, 0.34
4968, 0.57
4969, 0.84
4970, 0.30
4971, 0.57
4972, 0.37
4973, 0.36
4974, 0.48
4975, 0.60
4976, 0.27
4977, 0.47
4978, 0.29
4979, 0.40
4980, 0.50
4981, 0.48
4982, 0.40
4983, 0.80
4984, 0.49
4985, 0.45
4986, 0.47
4987, 0.43
4988, 0.91
4989, 0.61
4990, 0.07
4991, 0.62
4992, 0.23
4993, 0.67
4994, 0.49
4995, 0.57
4996, 0.29
4997, 0.26
4998, 0.27
4999, 0.56
5000, 0.98
5001, 0.08
5002, 0.59
5003, 0.63
5004, 0.27
5005, 0.33
5006, 0.60
5007, 0.37
5008, 0.48
5009, 0.28
5010, 0.50
5011, 0.21
5012, 0.50
5013, 0.35
5014, 0.97
5015, 0.33
5016, 0.45
5017, 0.50
5018, 0.76
5019, 0.51
5020, 0.37
5021, 0.09
5022, 0.65
5023, 0.93
5024, 0.48
5025, 0.52
5026, 0.45
5027, 0.64
5028, 0.40
5029, 0.09
5030, 0.40
5031, 0.32
5032, 0.45
5033, 0.47
5034, 0.11
5035, 0.43
5036, 0.50
5037, 0.50
5038, 0.58
5039, 0.39
5040, 0.63
5041, 0.39
5042, 0.96
5043, 0.28
5044, 0.57
5045, 0.39
5046, 0.37
5047, 0.43
5048, 0.52
5049, 0.48
5050, 0.57
5051, 0.31
5052, 0.29
5053, 0.99
5054, 0.48
5055, 0.56
5056, 0.33
5057, 0.17
5058, 0.43
5059, 0.97
5060, 0.98
5061, 0.38
5062, 0.66
5063, 0.50
5064, 0.42
5065, 0.23
5066, 0.43
5067, 0.52
5068, 0.71
5069, 0.51
5070, 0.52
5071, 0.52
5072, 0.53
5073, 0.89
5074, 0.19
5075, 0.41
5076, 0.44
5077, 0.44
5078, 0.96
5079, 0.97
5080, 0.57
5081, 0.32
5082, 0.34
5083, 0.41
5084, 0.47
5085, 0.99
5086, 0.33
5087, 0.39
5088, 0.70
5089, 0.95
5090, 0.58
5091, 0.36
5092, 0.48
5093, 0.30
5094, 0.13
5095, 0.40
5096, 0.43
5097, 0.28
5098, 0.39
5099, 0.43
5100, 0.59
5101, 0.52
5102, 0.28
5103, 0.50
5104, 0.46
5105, 0.51
5106, 0.43
5107, 0.43
5108, 0.41
5109, 0.98
5110, 0.07
5111, 0.40
5112, 0.38
5113, 0.25
5114, 0.36
5115, 0.47
5116, 0.38
5117, 0.95
5118, 0.52
5119, 0.50
5120, 0.70
5121, 0.64
5122, 0.27
5123, 0.49
5124, 0.42
5125, 0.92
5126, 0.51
5127, 0.14
5128, 0.51
5129, 0.52
5130, 0.49
5131, 0.16
5132, 0.38
5133, 0.57
5134, 0.55
5135, 0.58
5136, 0.34
5137, 0.31
5138, 0.53
5139, 0.35
5140, 0.96
5141, 0.49
5142, 0.97
5143, 0.34
5144, 0.43
5145, 0.73
5146, 0.62
5147, 0.57
5148, 0.52
5149, 0.57
5150, 0.43
5151, 0.47
5152, 0.22
5153, 0.55
5154, 0.09
5155, 0.27
5156, 0.05
5157, 0.53
5158, 0.49
5159, 0.52
5160, 0.32
5161, 0.62
5162, 0.43
5163, 0.50
5164, 0.49
5165, 0.61
5166, 0.36
5167, 0.44
5168, 0.35
5169, 0.48
5170, 0.56
5171, 0.33
5172, 0.37
5173, 0.41
5174, 0.52
5175, 0.16
5176, 0.98
5177, 0.44
5178, 0.55
5179, 0.35
5180, 0.63
5181, 0.86
5182, 0.34
5183, 0.23
5184, 1.00
5185, 0.98
5186, 0.50
5187, 0.27
5188, 0.12
5189, 0.37
5190, 0.60
5191, 0.38
5192, 0.47
5193, 0.49
5194, 0.42
5195, 0.99
5196, 0.50
5197, 0.33
5198, 0.48
5199, 0.42
5200, 0.99
5201, 0.58
5202, 0.39
5203, 0.57
5204, 0.41
5205, 0.54
5206, 0.39
5207, 0.95
5208, 0.50
5209, 0.39
5210, 0.40
5211, 0.37
5212, 0.53
5213, 0.93
5214, 0.34
5215, 0.46
5216, 0.13
5217, 0.46
5218, 0.26
5219, 0.50
5220, 0.44
5221, 0.07
5222, 0.17
5223, 0.47
5224, 0.51
5225, 0.53
5226, 0.42
5227, 0.15
5228, 0.44
5229, 0.21
5230, 0.40
5231, 0.52
5232, 0.61
5233, 0.53
5234, 0.21
5235, 0.75
5236, 0.35
5237, 0.44
5238, 0.24
5239, 0.35
5240, 0.57
5241, 0.57
5242, 0.26
5243, 0.46
5244, 1.00
5245, 0.35
5246, 0.99
5247, 0.62
5248, 0.55
5249, 0.34
5250, 0.57
5251, 0.36
5252, 0.65
5253, 0.18
5254, 0.17
5255, 0.32
5256, 0.55
5257, 0.19
5258, 0.44
5259, 0.50
5260, 0.56
5261, 0.99
5262, 0.49
5263, 0.62
5264, 0.45
5265, 0.47
5266, 0.50
5267, 0.99
5268, 0.08
5269, 0.60
5270, 0.55
5271, 0.47
5272, 0.94
5273, 0.50
5274, 0.47
5275, 0.45
5276, 0.50
5277, 0.49
5278, 0.47
5279, 0.69
5280, 0.49
5281, 1.00
5282, 0.39
5283, 0.99
5284, 0.53
5285, 0.42
5286, 0.06
5287, 0.57
5288, 0.87
5289, 0.63
5290, 0.43
5291, 0.90
5292, 0.37
5293, 0.42
5294, 0.06
5295, 0.22
5296, 0.08
5297, 0.61
5298, 0.46
5299, 0.96
5300, 0.52
5301, 0.58
5302, 0.42
5303, 0.42
5304, 0.43
5305, 0.46
5306, 0.38
5307, 0.44
5308, 0.90
5309, 0.53
5310, 0.39
5311, 0.22
5312, 0.49
5313, 0.32
5314, 0.77
5315, 0.87
5316, 0.46
5317, 0.05
5318, 0.32
5319, 0.84
5320, 0.89
5321, 0.52
5322, 0.60
5323, 0.42
5324, 0.45
5325, 0.50
5326, 0.40
5327, 0.60
5328, 0.46
5329, 0.22
5330, 0.46
5331, 0.64
5332, 0.06
5333, 0.34
5334, 0.46
5335, 0.47
5336, 0.41
5337, 0.40
5338, 0.31
5339, 0.14
5340, 0.12
5341, 0.53
5342, 0.55
5343, 0.47
5344, 0.45
5345, 0.47
5346, 0.35
5347, 0.50
5348, 0.52
5349, 0.46
5350, 0.48
5351, 0.81
5352, 0.53
5353, 0.38
5354, 0.39
5355, 0.94
5356, 0.97
5357, 0.52
5358, 0.42
5359, 0.23
5360, 0.44
5361, 0.41
5362, 0.68
5363, 0.51
5364, 0.42
5365, 0.59
5366, 0.42
5367, 0.99
5368, 0.47
5369, 0.49
5370, 0.96
5371, 0.47
5372, 0.17
5373, 0.32
5374, 0.42
5375, 0.77
5376, 0.16
5377, 0.76
5378, 0.63
5379, 0.25
5380, 0.46
5381, 0.14
5382, 0.33
5383, 0.51
5384, 0.37
5385, 0.42
5386, 0.47
5387, 0.40
5388, 0.22
5389, 0.44
5390, 0.29
5391, 0.56
5392, 0.29
5393, 0.83
5394, 0.54
5395, 0.48
5396, 0.95
5397, 0.39
5398, 0.53
5399, 0.47
5400, 0.45
5401, 0.07
5402, 0.50
5403, 0.43
5404, 0.29
5405, 0.15
5406, 0.59
5407, 0.09
5408, 0.46
5409, 0.47
5410, 0.28
5411, 0.22
5412, 0.82
5413, 0.37
5414, 0.90
5415, 0.35
5416, 0.52
5417, 0.38
5418, 0.07
5419, 0.95
5420, 0.35
5421, 0.48
5422, 0.45
5423, 0.51
5424, 0.31
5425, 0.61
5426, 0.61
5427, 0.43
5428, 0.52
5429, 0.51
5430, 0.46
5431, 0.42
5432, 0.56
5433, 0.30
5434, 0.92
5435, 0.55
5436, 0.50
5437, 0.67
5438, 0.58
5439, 0.51
5440, 0.43
5441, 0.87
5442, 0.52
5443, 0.33
5444, 0.45
5445, 0.51
5446, 0.76
5447, 0.63
5448, 0.57
5449, 0.37
5450, 0.26
5451, 0.37
5452, 0.43
5453, 0.83
5454, 0.65
5455, 0.94
5456, 0.45
5457, 0.93
5458, 0.77
5459, 0.98
5460, 0.45
5461, 0.57
5462, 0.40
5463, 0.63
5464, 0.60
5465, 0.45
5466, 0.57
5467, 0.35
5468, 0.36
5469, 0.42
5470, 0.33
5471, 0.49
5472, 0.78
5473, 0.42
5474, 0.53
5475, 0.25
5476, 0.41
5477, 0.62
5478, 0.38
5479, 0.98
5480, 0.44
5481, 0.52
5482, 0.32
5483, 0.49
5484, 0.52
5485, 0.07
5486, 0.73
5487, 0.93
5488, 0.08
5489, 0.29
5490, 0.92
5491, 0.40
5492, 0.96
5493, 0.54
5494, 0.56
5495, 0.52
5496, 0.94
5497, 0.35
5498, 0.51
5499, 0.48
5500, 0.94
5501, 0.44
5502, 0.39
5503, 0.42
5504, 0.51
5505, 0.66
5506, 0.57
5507, 0.69
5508, 0.58
5509, 0.49
5510, 0.78
5511, 0.39
5512, 0.43
5513, 0.51
5514, 0.96
5515, 0.53
5516, 0.56
5517, 0.21
5518, 0.08
5519, 0.40
5520, 0.84
5521, 0.48
5522, 0.37
5523, 0.33
5524, 0.97
5525, 0.45
5526, 0.42
5527, 0.48
5528, 0.10
5529, 0.56
5530, 0.07
5531, 0.23
5532, 0.53
5533, 0.55
5534, 0.43
5535, 0.50
5536, 0.33
5537, 0.80
5538, 0.99
5539, 0.71
5540, 0.21
5541, 0.09
5542, 0.93
5543, 0.32
5544, 0.97
5545, 0.13
5546, 0.42
5547, 0.36
5548, 0.49
5549, 0.47
5550, 0.30
5551, 0.58
5552, 0.47
5553, 0.43
5554, 0.83
5555, 0.58
5556, 0.52
5557, 0.29
5558, 0.53
5559, 0.39
5560, 0.58
5561, 0.08
5562, 0.43
5563, 0.57
5564, 0.57
5565, 0.36
5566, 0.17
5567, 0.07
5568, 0.37
5569, 0.38
5570, 0.39
5571, 0.58
5572, 0.97
5573, 0.97
5574, 0.46
5575, 0.60
5576, 0.27
5577, 0.22
5578, 0.65
5579, 0.17
5580, 0.51
5581, 0.50
5582, 0.47
5583, 0.59
5584, 0.57
5585, 0.58
5586, 0.46
5587, 0.14
5588, 0.37
5589, 0.35
5590, 0.42
5591, 0.64
5592, 0.56
5593, 0.50
5594, 0.97
5595, 0.65
5596, 0.28
5597, 0.40
5598, 0.61
5599, 0.94
5600, 0.51
5601, 0.37
5602, 0.48
5603, 0.61
5604, 0.43
5605, 0.92
5606, 0.21
5607, 0.49
5608, 0.17
5609, 0.37
5610, 0.20
5611, 0.65
5612, 0.61
5613, 0.16
5614, 0.58
5615, 0.16
5616, 0.14
5617, 0.31
5618, 0.46
5619, 0.51
5620, 0.36
5621, 0.97
5622, 0.20
5623, 0.27
5624, 0.55
5625, 0.44
5626, 0.26
5627, 0.45
5628, 0.40
5629, 0.39
5630, 0.36
5631, 0.52
5632, 0.48
5633, 0.96
5634, 0.42
5635, 0.92
5636, 0.13
5637, 0.12
5638, 0.57
5639, 0.38
5640, 0.55
5641, 0.35
5642, 0.59
5643, 0.55
5644, 0.98
5645, 0.11
5646, 0.21
5647, 0.14
5648, 0.38
5649, 0.44
5650, 0.56
5651, 0.32
5652, 0.50
5653, 0.10
5654, 0.07
5655, 0.38
5656, 0.38
5657, 0.58
5658, 0.94
5659, 0.48
5660, 0.77
5661, 0.17
5662, 0.97
5663, 0.46
5664, 0.53
5665, 0.51
5666, 0.61
5667, 0.59
5668, 0.30
5669, 0.51
5670, 0.40
5671, 0.63
5672, 0.61
5673, 0.16
5674, 0.42
5675, 0.98
5676, 0.53
5677, 0.44
5678, 0.53
5679, 0.51
5680, 0.12
5681, 0.08
5682, 0.43
5683, 0.56
5684, 0.99
5685, 0.61
5686, 0.37
5687, 0.88
5688, 0.57
5689, 0.38
5690, 0.04
5691, 0.62
5692, 0.58
5693, 0.51
5694, 0.41
5695, 0.13
5696, 0.12
5697, 0.43
5698, 0.50
5699, 0.43
5700, 0.09
5701, 0.99
5702, 0.37
5703, 0.98
5704, 0.83
5705, 0.98
5706, 0.80
5707, 0.26
5708, 0.49
5709, 0.77
5710, 0.58
5711, 0.36
5712, 0.46
5713, 0.29
5714, 0.59
5715, 0.59
5716, 0.63
5717, 0.56
5718, 0.55
5719, 0.03
5720, 0.58
5721, 0.58
5722, 0.43
5723, 0.47
5724, 0.46
5725, 0.46
5726, 0.64
5727, 0.21
5728, 0.44
5729, 0.25
5730, 0.68
5731, 0.56
5732, 0.44
5733, 0.91
5734, 0.42
5735, 0.45
5736, 0.88
5737, 0.52
5738, 0.51
5739, 0.90
5740, 0.36
5741, 0.56
5742, 0.41
5743, 0.48
5744, 0.10
5745, 0.75
5746, 0.58
5747, 0.62
5748, 0.48
5749, 0.97
5750, 0.44
5751, 0.94
5752, 0.54
5753, 0.40
5754, 0.42
5755, 0.50
5756, 0.83
5757, 0.47
5758, 0.49
5759, 0.39
5760, 0.09
5761, 0.60
5762, 0.42
5763, 0.57
5764, 0.35
5765, 0.41
5766, 0.44
5767, 0.34
5768, 0.47
5769, 0.99
5770, 0.63
5771, 0.30
5772, 0.45
5773, 0.59
5774, 0.56
5775, 0.54
5776, 0.54
5777, 0.57
5778, 0.09
5779, 0.44
5780, 0.39
5781, 0.44
5782, 0.54
5783, 0.51
5784, 0.47
5785, 0.53
5786, 0.76
5787, 0.56
5788, 0.63
5789, 0.08
5790, 0.90
5791, 0.23
5792, 0.28
5793, 0.51
5794, 0.11
5795, 0.31
5796, 0.12
5797, 0.35
5798, 0.54
5799, 0.45
5800, 0.13
5801, 0.08
5802, 0.51
5803, 0.26
5804, 0.80
5805, 1.00
5806, 0.47
5807, 0.44
5808, 0.13
5809, 0.38
5810, 0.61
5811, 0.52
5812, 0.32
5813, 0.57
5814, 0.57
5815, 0.03
5816, 0.51
5817, 0.27
5818, 0.98
5819, 0.58
5820, 0.39
5821, 0.52
5822, 0.49
5823, 0.32
5824, 0.65
5825, 0.56
5826, 0.88
5827, 0.51
5828, 0.43
5829, 0.48
5830, 0.41
5831, 0.39
5832, 0.57
5833, 0.51
5834, 0.45
5835, 0.11
5836, 0.23
5837, 0.58
5838, 0.49
5839, 0.85
5840, 0.15
5841, 0.54
5842, 0.53
5843, 1.00
5844, 0.46
5845, 0.98
5846, 0.59
5847, 0.16
5848, 0.42
5849, 0.28
5850, 0.46
5851, 0.46
5852, 0.48
5853, 0.40
5854, 0.19
5855, 0.59
5856, 0.44
5857, 0.56
5858, 0.44
5859, 0.26
5860, 0.48
5861, 0.21
5862, 0.33
5863, 0.62
5864, 0.99
5865, 0.53
5866, 0.51
5867, 1.00
5868, 0.33
5869, 0.42
5870, 0.15
5871, 0.44
5872, 0.41
5873, 0.75
5874, 0.28
5875, 0.41
5876, 0.08
5877, 0.94
5878, 0.56
5879, 0.55
5880, 0.54
5881, 0.16
5882, 0.14
5883, 0.95
5884, 0.77
5885, 0.60
5886, 0.44
5887, 0.55
5888, 0.48
5889, 0.37
5890, 0.37
5891, 0.36
5892, 0.36
5893, 0.35
5894, 0.50
5895, 0.44
5896, 0.69
5897, 0.62
5898, 0.57
5899, 0.35
5900, 0.49
5901, 0.35
5902, 0.50
5903, 0.53
5904, 0.17
5905, 0.21
5906, 0.44
5907, 0.50
5908, 0.41
5909, 0.26
5910, 0.99
5911, 0.04
5912, 0.38
5913, 1.00
5914, 0.46
5915, 0.27
5916, 0.31
5917, 0.46
5918, 0.23
5919, 0.67
5920, 0.48
5921, 0.51
5922, 0.52
5923, 0.94
5924, 0.07
5925, 0.42
5926, 0.69
5927, 0.23
5928, 0.45
5929, 0.52
5930, 0.53
5931, 0.44
5932, 0.52
5933, 0.95
5934, 0.36
5935, 0.19
5936, 0.12
5937, 0.70
5938, 0.42
5939, 0.32
5940, 0.10
5941, 0.99
5942, 0.42
5943, 0.29
5944, 0.79
5945, 0.98
5946, 0.51
5947, 0.53
5948, 0.38
5949, 0.64
5950, 0.18
5951, 0.56
5952, 0.46
5953, 0.16
5954, 0.51
5955, 0.51
5956, 0.42
5957, 0.29
5958, 0.42
5959, 0.49
5960, 0.43
5961, 0.66
5962, 0.50
5963, 0.63
5964, 0.62
5965, 0.57
5966, 0.50
5967, 0.43
5968, 0.39
5969, 0.31
5970, 0.41
5971, 0.48
5972, 0.94
5973, 0.43
5974, 0.32
5975, 0.52
5976, 0.13
5977, 0.07
5978, 0.52
5979, 0.49
5980, 0.54
5981, 0.57
5982, 0.50
5983, 0.46
5984, 0.27
5985, 0.44
5986, 0.59
5987, 0.49
5988, 0.96
5989, 0.42
5990, 0.97
5991, 0.97
5992, 0.55
5993, 0.51
5994, 0.53
5995, 1.00
5996, 0.40
5997, 0.54
5998, 0.39
5999, 0.52
6000, 1.00
6001, 0.50
6002, 0.99
6003, 0.84
6004, 0.41
6005, 0.57
6006, 0.20
6007, 0.31
6008, 0.54
6009, 0.60
6010, 0.56
6011, 0.36
6012, 0.44
6013, 0.48
6014, 0.48
6015, 0.55
6016, 0.44
6017, 0.54
6018, 0.46
6019, 0.39
6020, 0.41
6021, 0.29
6022, 0.22
6023, 0.39
6024, 0.42
6025, 0.49
6026, 0.39
6027, 0.96
6028, 0.56
6029, 0.38
6030, 0.66
6031, 0.32
6032, 0.97
6033, 0.35
6034, 0.53
6035, 0.46
6036, 0.97
6037, 0.39
6038, 0.38
6039, 0.44
6040, 0.48
6041, 0.29
6042, 0.50
6043, 0.60
6044, 0.64
6045, 0.12
6046, 0.64
6047, 0.99
6048, 0.70
6049, 0.36
6050, 0.97
6051, 0.44
6052, 0.49
6053, 0.58
6054, 0.56
6055, 0.53
6056, 0.36
6057, 0.44
6058, 0.93
6059, 0.65
6060, 0.59
6061, 0.56
6062, 0.43
6063, 0.40
6064, 0.50
6065, 0.60
6066, 0.51
6067, 0.46
6068, 0.55
6069, 0.58
6070, 0.64
6071, 0.97
6072, 0.38
6073, 0.95
6074, 0.26
6075, 0.31
6076, 0.31
6077, 0.50
6078, 0.65
6079, 0.08
6080, 0.46
6081, 0.54
6082, 0.57
6083, 0.52
6084, 0.55
6085, 0.51
6086, 0.46
6087, 0.42
6088, 0.55
6089, 0.54
6090, 0.45
6091, 0.65
6092, 0.28
6093, 0.73
6094, 0.38
6095, 0.18
6096, 0.40
6097, 0.47
6098, 0.37
6099, 0.55
6100, 0.62
6101, 0.42
6102, 0.37
6103, 0.98
6104, 0.12
6105, 0.31
6106, 0.58
6107, 0.45
6108, 0.26
6109, 0.43
6110, 0.39
6111, 0.51
6112, 0.26
6113, 0.46
6114, 0.44
6115, 0.54
6116, 0.48
6117, 0.55
6118, 0.45
6119, 0.43
6120, 0.27
6121, 0.92
6122, 0.04
6123, 0.15
6124, 0.46
6125, 0.42
6126, 0.61
6127, 0.52
6128, 0.43
6129, 0.36
6130, 0.49
6131, 0.97
6132, 0.46
6133, 0.57
6134, 0.28
6135, 0.54
6136, 0.47
6137, 0.59
6138, 0.41
6139, 0.91
6140, 0.54
6141, 0.86
6142, 0.99
6143, 0.35
6144, 0.40
6145, 0.53
6146, 0.70
6147, 0.43
6148, 0.37
6149, 0.33
6150, 0.58
6151, 0.50
6152, 0.38
6153, 0.61
6154, 0.97
6155, 0.16
6156, 0.07
6157, 0.44
6158, 0.45
6159, 0.22
6160, 0.30
6161, 0.08
6162, 0.63
6163, 0.48
6164, 0.51
6165, 0.51
6166, 0.47
6167, 0.39
6168, 0.40
6169, 0.43
6170, 0.49
6171, 1.00
6172, 0.47
6173, 0.62
6174, 0.39
6175, 0.50
6176, 0.50
6177, 0.55
6178, 0.21
6179, 0.39
6180, 0.53
6181, 0.09
6182, 0.98
6183, 0.49
6184, 0.44
6185, 0.49
6186, 0.45
6187, 0.55
6188, 0.59
6189, 0.96
6190, 0.52
6191, 0.52
6192, 0.48
6193, 0.92
6194, 0.25
6195, 0.50
6196, 0.53
6197, 0.99
6198, 0.56
6199, 0.61
6200, 0.59
6201, 0.76
6202, 0.24
6203, 0.10
6204, 1.00
6205, 0.55
6206, 0.54
6207, 0.51
6208, 0.40
6209, 0.28
6210, 0.25
6211, 0.49
6212, 0.45
6213, 0.07
6214, 0.47
6215, 0.46
6216, 0.37
6217, 0.47
6218, 0.09
6219, 0.98
6220, 0.55
6221, 0.27
6222, 0.42
6223, 0.94
6224, 0.40
6225, 0.52
6226, 0.74
6227, 0.51
6228, 0.51
6229, 0.88
6230, 0.94
6231, 0.44
6232, 0.08
6233, 0.58
6234, 0.90
6235, 0.52
6236, 0.49
6237, 0.39
6238, 0.47
6239, 0.55
6240, 0.53
6241, 0.61
6242, 0.54
6243, 0.43
6244, 0.53
6245, 0.47
6246, 0.55
6247, 0.33
6248, 0.55
6249, 0.37
6250, 0.94
6251, 0.42
6252, 0.35
6253, 0.63
6254, 0.37
6255, 0.47
6256, 0.43
6257, 0.44
6258, 0.57
6259, 0.48
6260, 0.62
6261, 0.48
6262, 0.53
6263, 0.59
6264, 0.18
6265, 0.16
6266, 0.99
6267, 0.56
6268, 0.77
6269, 0.50
6270, 0.56
6271, 0.44
6272, 0.20
6273, 0.12
6274, 0.44
6275, 0.48
6276, 0.44
6277, 0.53
6278, 0.55
6279, 0.47
6280, 0.99
6281, 0.12
6282, 0.67
6283, 0.12
6284, 0.57
6285, 0.46
6286, 0.52
6287, 0.56
6288, 0.59
6289, 0.27
6290, 0.98
6291, 0.32
6292, 0.27
6293, 0.45
6294, 0.35
6295, 0.59
6296, 0.94
6297, 0.51
6298, 0.39
6299, 0.85
6300, 0.51
6301, 0.50
6302, 0.26
6303, 0.17
6304, 0.99
6305, 0.55
6306, 0.59
6307, 0.52
6308, 0.31
6309, 0.34
6310, 0.43
6311, 0.28
6312, 0.06
6313, 0.50
6314, 0.40
6315, 0.43
6316, 0.85
6317, 0.55
6318, 0.52
6319, 0.46
6320, 0.75
6321, 0.54
6322, 0.38
6323, 0.66
6324, 0.97
6325, 0.38
6326, 0.26
6327, 0.57
6328, 0.16
6329, 0.56
6330, 0.41
6331, 0.47
6332, 0.58
6333, 0.48
6334, 0.51
6335, 0.66
6336, 0.62
6337, 0.32
6338, 0.41
6339, 0.52
6340, 0.27
6341, 0.52
6342, 0.31
6343, 0.33
6344, 0.94
6345, 0.45
6346, 0.94
6347, 0.54
6348, 0.93
6349, 0.49
6350, 0.46
6351, 0.45
6352, 0.96
6353, 0.44
6354, 0.52
6355, 0.60
6356, 0.31
6357, 0.95
6358, 0.31
6359, 0.67
6360, 0.92
6361, 0.22
6362, 0.53
6363, 0.96
6364, 0.44
6365, 0.60
6366, 0.18
6367, 0.52
6368, 0.19
6369, 0.99
6370, 0.51
6371, 0.38
6372, 0.32
6373, 0.46
6374, 0.46
6375, 0.07
6376, 0.92
6377, 0.34
6378, 0.90
6379, 0.51
6380, 0.35
6381, 0.57
6382, 0.47
6383, 0.43
6384, 0.31
6385, 0.42
6386, 0.46
6387, 0.36
6388, 0.56
6389, 0.48
6390, 0.50
6391, 0.52
6392, 0.37
6393, 0.55
6394, 0.42
6395, 0.53
6396, 0.98
6397, 0.05
6398, 0.42
6399, 0.35
6400, 0.37
6401, 0.51
6402, 0.23
6403, 0.42
6404, 0.62
6405, 0.43
6406, 0.50
6407, 0.63
6408, 0.50
6409, 0.51
6410, 0.36
6411, 0.38
6412, 0.54
6413, 0.29
6414, 0.40
6415, 0.58
6416, 0.46
6417, 0.11
6418, 0.21
6419, 0.56
6420, 0.54
6421, 0.78
6422, 0.09
6423, 0.24
6424, 0.30
6425, 0.54
6426, 0.92
6427, 0.41
6428, 0.38
6429, 0.43
6430, 0.98
6431, 0.12
6432, 0.51
6433, 0.25
6434, 0.44
6435, 0.39
6436, 0.08
6437, 0.52
6438, 0.33
6439, 0.36
6440, 0.47
6441, 0.46
6442, 0.41
6443, 0.39
6444, 0.19
6445, 0.41
6446, 0.33
6447, 0.47
6448, 0.87
6449, 0.45
6450, 0.26
6451, 0.41
6452, 0.46
6453, 0.54
6454, 0.62
6455, 0.35
6456, 0.93
6457, 0.40
6458, 0.31
6459, 0.43
6460, 0.22
6461, 0.48
6462, 0.33
6463, 0.29
6464, 0.67
6465, 0.24
6466, 0.43
6467, 0.62
6468, 0.95
6469, 0.58
6470, 0.34
6471, 0.68
6472, 0.52
6473, 0.32
6474, 0.55
6475, 0.64
6476, 0.97
6477, 0.52
6478, 0.26
6479, 0.33
6480, 0.46
6481, 0.38
6482, 0.42
6483, 0.34
6484, 0.61
6485, 0.48
6486, 0.15
6487, 0.57
6488, 0.99
6489, 0.19
6490, 0.50
6491, 0.36
6492, 0.11
6493, 0.55
6494, 0.43
6495, 0.41
6496, 0.46
6497, 0.45
6498, 0.04
6499, 0.50
6500, 0.57
6501, 0.47
6502, 0.46
6503, 0.29
6504, 0.24
6505, 0.48
6506, 0.55
6507, 0.51
6508, 0.57
6509, 0.45
6510, 0.46
6511, 0.70
6512, 0.99
6513, 0.34
6514, 0.50
6515, 0.66
6516, 0.58
6517, 0.49
6518, 0.60
6519, 0.49
6520, 0.13
6521, 0.55
6522, 0.49
6523, 0.43
6524, 0.56
6525, 0.49
6526, 0.50
6527, 0.63
6528, 0.99
6529, 0.43
6530, 0.96
6531, 0.47
6532, 0.16
6533, 0.37
6534, 0.74
6535, 0.13
6536, 1.00
6537, 0.41
6538, 0.44
6539, 0.72
6540, 0.56
6541, 0.53
6542, 0.38
6543, 0.91
6544, 0.41
6545, 0.26
6546, 0.48
6547, 0.36
6548, 0.59
6549, 0.92
6550, 0.47
6551, 0.38
6552, 0.09
6553, 0.73
6554, 0.41
6555, 0.51
6556, 0.30
6557, 0.53
6558, 0.53
6559, 0.53
6560, 0.23
6561, 0.56
6562, 0.64
6563, 0.52
6564, 0.28
6565, 0.46
6566, 0.24
6567, 0.97
6568, 0.58
6569, 0.05
6570, 0.58
6571, 0.44
6572, 0.46
6573, 0.49
6574, 0.94
6575, 0.47
6576, 0.13
6577, 0.49
6578, 0.63
6579, 0.32
6580, 0.52
6581, 0.42
6582, 0.54
6583, 0.74
6584, 0.49
6585, 0.31
6586, 0.60
6587, 0.24
6588, 0.36
6589, 0.34
6590, 0.39
6591, 0.46
6592, 0.94
6593, 0.30
6594, 0.49
6595, 0.71
6596, 0.54
6597, 0.51
6598, 0.45
6599, 0.28
6600, 0.52
6601, 0.46
6602, 0.43
6603, 0.29
6604, 0.49
6605, 0.15
6606, 0.55
6607, 0.44
6608, 0.31
6609, 0.46
6610, 0.23
6611, 0.33
6612, 0.15
6613, 0.54
6614, 0.53
6615, 0.64
6616, 0.13
6617, 0.96
6618, 0.14
6619, 0.89
6620, 0.30
6621, 0.23
6622, 0.41
6623, 0.25
6624, 0.46
6625, 0.52
6626, 0.53
6627, 0.44
6628, 0.52
6629, 0.73
6630, 0.97
6631, 0.52
6632, 0.53
6633, 0.64
6634, 0.31
6635, 0.67
6636, 0.27
6637, 0.85
6638, 0.45
6639, 0.99
6640, 0.63
6641, 0.99
6642, 0.33
6643, 0.15
6644, 0.59
6645, 0.49
6646, 0.19
6647, 0.59
6648, 0.14
6649, 0.10
6650, 0.24
6651, 0.78
6652, 0.44
6653, 0.47
6654, 0.41
6655, 0.39
6656, 0.34
6657, 0.58
6658, 0.53
6659, 0.42
6660, 0.96
6661, 0.52
6662, 0.36
6663, 0.42
6664, 0.33
6665, 0.67
6666, 0.52
6667, 0.62
6668, 0.55
6669, 0.61
6670, 0.60
6671, 0.96
6672, 0.48
6673, 0.10
6674, 0.57
6675, 0.29
6676, 0.58
6677, 0.51
6678, 0.75
6679, 0.67
6680, 0.05
6681, 0.52
6682, 0.45
6683, 0.30
6684, 0.45
6685, 0.45
6686, 0.51
6687, 0.58
6688, 0.63
6689, 0.98
6690, 0.47
6691, 0.48
6692, 0.93
6693, 0.50
6694, 0.46
6695, 0.06
6696, 0.90
6697, 0.30
6698, 0.41
6699, 0.51
6700, 0.71
6701, 0.46
6702, 0.28
6703, 0.16
6704, 0.51
6705, 0.22
6706, 0.59
6707, 0.43
6708, 0.55
6709, 0.45
6710, 0.16
6711, 0.67
6712, 0.42
6713, 0.42
6714, 0.12
6715, 0.52
6716, 0.59
6717, 0.40
6718, 0.50
6719, 0.38
6720, 0.55
6721, 0.58
6722, 0.51
6723, 0.95
6724, 0.49
6725, 0.35
6726, 0.45
6727, 0.42
6728, 0.16
6729, 0.99
6730, 0.62
6731, 0.49
6732, 0.99
6733, 0.45
6734, 0.47
6735, 0.56
6736, 0.51
6737, 0.53
6738, 0.50
6739, 0.50
6740, 0.65
6741, 0.60
6742, 0.35
6743, 0.03
6744, 0.97
6745, 0.91
6746, 0.46
6747, 0.32
6748, 0.51
6749, 0.96
6750, 0.36
6751, 0.11
6752, 0.52
6753, 0.46
6754, 0.46
6755, 0.21
6756, 0.47
6757, 0.69
6758, 0.47
6759, 0.36
6760, 0.37
6761, 0.20
6762, 0.15
6763, 0.51
6764, 0.57
6765, 0.15
6766, 0.39
6767, 0.59
6768, 0.33
6769, 0.40
6770, 0.92
6771, 0.46
6772, 0.62
6773, 0.09
6774, 0.50
6775, 0.63
6776, 0.45
6777, 0.65
6778, 0.48
6779, 0.41
6780, 0.51
6781, 0.96
6782, 0.57
6783, 0.52
6784, 0.81
6785, 0.47
6786, 0.39
6787, 0.52
6788, 0.45
6789, 0.99
6790, 0.25
6791, 0.55
6792, 0.99
6793, 0.25
6794, 0.40
6795, 0.46
6796, 0.90
6797, 0.45
6798, 0.93
6799, 0.11
6800, 0.87
6801, 0.92
6802, 0.47
6803, 0.39
6804, 0.12
6805, 0.97
6806, 0.50
6807, 0.49
6808, 0.10
6809, 0.20
6810, 0.08
6811, 0.56
6812, 0.51
6813, 0.38
6814, 0.24
6815, 0.61
6816, 0.39
6817, 0.54
6818, 0.47
6819, 0.65
6820, 0.50
6821, 0.91
6822, 0.39
6823, 0.42
6824, 0.48
6825, 0.49
6826, 0.41
6827, 0.31
6828, 0.43
6829, 0.40
6830, 0.40
6831, 0.93
6832, 0.16
6833, 0.92
6834, 0.41
6835, 0.43
6836, 0.47
6837, 0.34
6838, 0.53
6839, 0.32
6840, 0.20
6841, 0.38
6842, 0.44
6843, 0.63
6844, 0.22
6845, 0.47
6846, 0.55
6847, 0.99
6848, 0.26
6849, 0.51
6850, 0.49
6851, 0.28
6852, 0.37
6853, 0.45
6854, 0.75
6855, 0.53
6856, 0.54
6857, 0.44
6858, 0.61
6859, 0.40
6860, 0.54
6861, 0.95
6862, 0.96
6863, 0.48
6864, 0.60
6865, 0.27
6866, 0.60
6867, 0.67
6868, 0.51
6869, 0.54
6870, 0.53
6871, 0.47
6872, 0.53
6873, 0.89
6874, 0.40
6875, 0.55
6876, 0.32
6877, 0.28
6878, 0.09
6879, 0.38
6880, 0.50
6881, 0.42
6882, 0.51
6883, 0.58
6884, 0.64
6885, 0.46
6886, 0.43
6887, 0.44
6888, 0.73
6889, 0.13
6890, 0.86
6891, 0.58
6892, 0.98
6893, 0.42
6894, 0.97
6895, 0.98
6896, 0.28
6897, 0.87
6898, 0.61
6899, 0.52
6900, 1.00
6901, 0.50
6902, 0.37
6903, 0.21
6904, 0.54
6905, 0.56
6906, 0.11
6907, 0.36
6908, 0.32
6909, 0.24
6910, 0.46
6911, 0.84
6912, 0.50
6913, 0.42
6914, 0.46
6915, 0.30
6916, 0.49
6917, 0.55
6918, 0.38
6919, 0.50
6920, 0.36
6921, 0.47
6922, 0.69
6923, 0.07
6924, 0.45
6925, 0.47
6926, 0.56
6927, 0.32
6928, 0.52
6929, 0.35
6930, 0.26
6931, 0.54
6932, 0.98
6933, 0.54
6934, 0.40
6935, 0.65
6936, 0.98
6937, 0.51
6938, 0.45
6939, 0.20
6940, 1.00
6941, 0.54
6942, 0.53
6943, 0.43
6944, 0.45
6945, 0.65
6946, 0.43
6947, 0.45
6948, 0.12
6949, 1.00
6950, 0.48
6951, 0.72
6952, 0.54
6953, 0.41
6954, 0.52
6955, 0.52
6956, 0.07
6957, 0.29
6958, 0.24
6959, 0.45
6960, 0.18
6961, 0.98
6962, 0.20
6963, 0.43
6964, 0.61
6965, 0.95
6966, 0.51
6967, 0.55
6968, 0.43
6969, 0.46
6970, 0.22
6971, 0.35
6972, 0.43
6973, 0.49
6974, 0.78
6975, 0.53
6976, 0.44
6977, 0.15
6978, 0.40
6979, 0.37
6980, 0.48
6981, 0.04
6982, 0.47
6983, 0.57
6984, 0.42
6985, 0.08
6986, 0.45
6987, 0.49
6988, 0.66
6989, 0.77
6990, 0.54
6991, 0.41
6992, 0.18
6993, 0.52
6994, 0.49
6995, 0.91
6996, 0.58
6997, 0.99
6998, 0.53
6999, 0.43
7000, 0.55
7001, 0.59
7002, 0.42
7003, 0.62
7004, 0.98
7005, 0.76
7006, 0.51
7007, 0.40
7008, 0.53
7009, 0.60
7010, 0.57
7011, 0.27
7012, 0.16
7013, 0.92
7014, 0.51
7015, 0.42
7016, 0.43
7017, 0.59
7018, 0.11
7019, 0.53
7020, 0.52
7021, 0.44
7022, 0.10
7023, 0.64
7024, 0.48
7025, 0.44
7026, 0.50
7027, 0.22
7028, 0.44
7029, 0.42
7030, 0.54
7031, 0.56
7032, 0.62
7033, 0.10
7034, 0.89
7035, 0.83
7036, 0.54
7037, 0.12
7038, 0.54
7039, 0.56
7040, 0.41
7041, 0.61
7042, 0.54
7043, 0.37
7044, 0.32
7045, 0.57
7046, 0.51
7047, 0.42
7048, 0.55
7049, 0.63
7050, 0.58
7051, 0.46
7052, 0.42
7053, 0.37
7054, 0.71
7055, 0.44
7056, 0.47
7057, 0.42
7058, 0.51
7059, 0.26
7060, 0.39
7061, 0.09
7062, 0.51
7063, 0.42
7064, 0.36
7065, 1.00
7066, 0.48
7067, 0.37
7068, 0.48
7069, 0.51
7070, 0.48
7071, 0.58
7072, 0.90
7073, 0.15
7074, 0.42
7075, 0.14
7076, 0.51
7077, 0.16
7078, 0.37
7079, 0.99
7080, 0.97
7081, 0.47
7082, 0.06
7083, 0.20
7084, 0.42
7085, 0.47
7086, 0.38
7087, 1.00
7088, 0.48
7089, 0.60
7090, 0.39
7091, 0.61
7092, 0.58
7093, 0.38
7094, 0.13
7095, 0.50
7096, 0.45
7097, 0.53
7098, 0.54
7099, 0.42
7100, 0.57
7101, 0.39
7102, 0.65
7103, 0.55
7104, 0.65
7105, 0.57
7106, 0.96
7107, 0.35
7108, 0.55
7109, 0.49
7110, 0.15
7111, 0.42
7112, 0.24
7113, 0.57
7114, 0.50
7115, 0.45
7116, 0.56
7117, 0.12
7118, 0.66
7119, 0.69
7120, 0.47
7121, 0.41
7122, 0.36
7123, 0.93
7124, 0.28
7125, 0.44
7126, 0.40
7127, 0.46
7128, 0.50
7129, 0.49
7130, 0.92
7131, 0.63
7132, 0.44
7133, 0.17
7134, 0.26
7135, 0.48
7136, 0.44
7137, 0.20
7138, 0.47
7139, 0.69
7140, 0.13
7141, 0.41
7142, 0.09
7143, 0.33
7144, 0.34
7145, 0.85
7146, 0.35
7147, 0.29
7148, 0.37
7149, 0.95
7150, 0.53
7151, 0.65
7152, 0.31
7153, 0.45
7154, 0.55
7155, 0.85
7156, 0.42
7157, 0.81
7158, 0.52
7159, 0.57
7160, 0.42
7161, 0.16
7162, 0.19
7163, 0.32
7164, 0.77
7165, 0.57
7166, 0.94
7167, 0.35
7168, 0.41
7169, 0.46
7170, 0.69
7171, 0.28
7172, 0.42
7173, 0.40
7174, 0.50
7175, 0.33
7176, 0.70
7177, 0.56
7178, 0.42
7179, 0.99
7180, 0.85
7181, 0.95
7182, 0.28
7183, 0.98
7184, 0.93
7185, 0.54
7186, 0.24
7187, 0.48
7188, 0.41
7189, 0.14
7190, 0.59
7191, 0.41
7192, 0.85
7193, 0.32
7194, 0.55
7195, 0.48
7196, 0.45
7197, 0.30
7198, 0.47
7199, 0.12
7200, 0.98
7201, 0.46
7202, 0.37
7203, 0.52
7204, 0.12
7205, 0.52
7206, 0.39
7207, 0.47
7208, 0.66
7209, 0.44
7210, 0.41
7211, 0.43
7212, 0.27
7213, 0.67
7214, 0.37
7215, 0.20
7216, 0.98
7217, 0.98
7218, 0.66
7219, 0.39
7220, 0.27
7221, 0.61
7222, 0.84
7223, 0.33
7224, 0.42
7225, 1.00
7226, 0.51
7227, 0.44
7228, 0.38
7229, 0.24
7230, 0.37
7231, 0.53
7232, 0.42
7233, 0.44
7234, 0.47
7235, 0.18
7236, 0.62
7237, 0.55
7238, 0.45
7239, 0.37
7240, 0.36
7241, 0.56
7242, 0.46
7243, 0.64
7244, 0.49
7245, 0.34
7246, 0.06
7247, 0.27
7248, 0.32
7249, 0.33
7250, 0.45
7251, 0.51
7252, 0.77
7253, 0.62
7254, 0.43
7255, 0.99
7256, 0.38
7257, 0.48
7258, 0.94
7259, 0.44
7260, 0.30
7261, 0.27
7262, 0.45
7263, 0.62
7264, 0.49
7265, 0.32
7266, 0.44
7267, 0.97
7268, 0.30
7269, 0.90
7270, 0.33
7271, 0.47
7272, 0.41
7273, 0.36
7274, 0.96
7275, 0.86
7276, 0.52
7277, 0.41
7278, 0.56
7279, 0.54
7280, 0.48
7281, 0.43
7282, 0.49
7283, 0.38
7284, 0.47
7285, 0.64
7286, 0.47
7287, 0.52
7288, 0.56
7289, 0.63
7290, 0.57
7291, 0.56
7292, 0.39
7293, 0.52
7294, 0.40
7295, 0.03
7296, 0.93
7297, 0.58
7298, 0.97
7299, 0.57
7300, 0.50
7301, 0.37
7302, 0.49
7303, 0.46
7304, 0.19
7305, 0.75
7306, 0.57
7307, 0.57
7308, 0.18
7309, 0.38
7310, 0.71
7311, 0.32
7312, 0.54
7313, 0.36
7314, 0.40
7315, 0.45
7316, 0.41
7317, 0.38
7318, 0.45
7319, 0.55
7320, 0.31
7321, 0.62
7322, 0.88
7323, 0.35
7324, 0.94
7325, 0.50
7326, 0.45
7327, 0.44
7328, 0.51
7329, 0.54
7330, 0.58
7331, 0.47
7332, 0.29
7333, 0.45
7334, 0.67
7335, 0.51
7336, 0.54
7337, 0.38
7338, 0.52
7339, 0.43
7340, 0.42
7341, 0.39
7342, 0.88
7343, 0.45
7344, 0.27
7345, 0.17
7346, 0.65
7347, 0.89
7348, 0.30
7349, 0.97
7350, 0.31
7351, 0.67
7352, 0.53
7353, 0.40
7354, 0.96
7355, 0.98
7356, 0.49
7357, 0.53
7358, 0.37
7359, 0.50
7360, 0.44
7361, 0.67
7362, 0.97
7363, 0.46
7364, 0.67
7365, 0.51
7366, 0.45
7367, 0.91
7368, 0.47
7369, 0.47
7370, 0.53
7371, 0.38
7372, 0.56
7373, 0.99
7374, 0.42
7375, 0.47
7376, 0.99
7377, 0.31
7378, 0.51
7379, 0.44
7380, 0.41
7381, 0.43
7382, 0.45
7383, 0.62
7384, 0.68
7385, 0.07
7386, 0.41
7387, 0.64
7388, 0.49
7389, 0.91
7390, 0.49
7391, 0.58
7392, 0.42
7393, 0.45
7394, 0.89
7395, 0.46
7396, 0.45
7397, 0.41
7398, 0.39
7399, 0.28
7400, 0.48
7401, 0.98
7402, 0.55
7403, 0.35
7404, 0.45
7405, 0.46
7406, 0.19
7407, 0.53
7408, 0.57
7409, 0.17
7410, 0.38
7411, 0.06
7412, 0.39
7413, 0.05
7414, 0.84
7415, 0.62
7416, 0.06
7417, 0.90
7418, 0.12
7419, 0.47
7420, 0.97
7421, 0.57
