Id,Predicted
0, 0.14
1, 0.00
2, 0.41
3, 0.19
4, 0.99
5, 0.00
6, 0.56
7, 0.23
8, 0.27
9, 0.34
10, 0.51
11, 0.36
12, 0.82
13, 0.58
14, 1.00
15, 1.00
16, 1.00
17, 0.65
18, 0.58
19, 0.81
20, 0.29
21, 1.00
22, 0.47
23, 0.54
24, 0.28
25, 0.46
26, 0.60
27, 0.27
28, 0.50
29, 0.46
30, 0.40
31, 0.31
32, 0.59
33, 0.12
34, 0.92
35, 0.23
36, 0.41
37, 0.47
38, 0.43
39, 1.00
40, 0.63
41, 0.12
42, 0.62
43, 0.42
44, 1.00
45, 0.35
46, 0.52
47, 0.00
48, 0.42
49, 0.90
50, 0.16
51, 0.00
52, 0.00
53, 0.20
54, 0.16
55, 0.33
56, 0.25
57, 0.10
58, 0.09
59, 0.49
60, 0.51
61, 0.91
62, 0.00
63, 1.00
64, 1.00
65, 0.37
66, 0.98
67, 0.33
68, 0.00
69, 0.47
70, 0.68
71, 1.00
72, 1.00
73, 0.14
74, 0.00
75, 0.99
76, 0.28
77, 0.30
78, 0.33
79, 0.00
80, 0.53
81, 0.49
82, 0.49
83, 1.00
84, 0.49
85, 0.99
86, 0.93
87, 0.41
88, 0.82
89, 1.00
90, 0.36
91, 1.00
92, 0.44
93, 0.49
94, 1.00
95, 0.36
96, 0.04
97, 0.50
98, 1.00
99, 0.27
100, 0.30
101, 0.45
102, 0.00
103, 0.98
104, 0.58
105, 0.89
106, 0.22
107, 0.26
108, 0.30
109, 0.97
110, 0.00
111, 0.62
112, 0.12
113, 0.58
114, 0.50
115, 0.55
116, 0.49
117, 0.46
118, 0.00
119, 0.84
120, 0.00
121, 1.00
122, 0.49
123, 0.15
124, 0.22
125, 0.00
126, 0.93
127, 0.66
128, 0.63
129, 0.99
130, 0.00
131, 0.99
132, 0.00
133, 0.90
134, 0.36
135, 0.61
136, 0.00
137, 0.07
138, 0.34
139, 0.98
140, 0.38
141, 0.38
142, 0.62
143, 1.00
144, 1.00
145, 0.41
146, 0.38
147, 0.34
148, 0.56
149, 0.10
150, 0.07
151, 1.00
152, 0.00
153, 0.18
154, 0.36
155, 0.90
156, 0.00
157, 0.61
158, 0.46
159, 0.33
160, 0.56
161, 0.49
162, 0.60
163, 0.00
164, 0.47
165, 0.92
166, 0.06
167, 0.21
168, 1.00
169, 0.09
170, 0.21
171, 0.46
172, 0.46
173, 0.93
174, 0.30
175, 0.64
176, 0.12
177, 0.00
178, 0.41
179, 0.27
180, 0.34
181, 0.39
182, 1.00
183, 0.38
184, 0.47
185, 0.24
186, 0.52
187, 0.53
188, 0.78
189, 0.45
190, 0.80
191, 0.35
192, 0.45
193, 0.16
194, 0.38
195, 0.00
196, 0.45
197, 0.49
198, 0.00
199, 0.00
200, 0.43
201, 0.19
202, 0.29
203, 0.31
204, 0.97
205, 0.14
206, 0.00
207, 0.61
208, 1.00
209, 0.61
210, 0.06
211, 0.70
212, 0.20
213, 0.54
214, 0.22
215, 0.56
216, 0.62
217, 0.38
218, 0.28
219, 0.00
220, 0.00
221, 0.33
222, 0.00
223, 0.00
224, 0.31
225, 0.28
226, 0.33
227, 1.00
228, 0.73
229, 0.16
230, 0.02
231, 0.00
232, 0.42
233, 0.18
234, 0.00
235, 0.18
236, 0.37
237, 0.00
238, 0.59
239, 0.22
240, 0.11
241, 0.30
242, 0.00
243, 0.00
244, 0.29
245, 0.45
246, 0.89
247, 0.94
248, 0.34
249, 0.02
250, 1.00
251, 0.37
252, 0.36
253, 0.02
254, 0.37
255, 0.45
256, 0.48
257, 0.59
258, 0.59
259, 0.23
260, 0.00
261, 0.00
262, 0.00
263, 1.00
264, 0.41
265, 0.37
266, 0.24
267, 0.75
268, 0.39
269, 0.26
270, 0.42
271, 0.99
272, 0.49
273, 0.19
274, 0.94
275, 0.95
276, 0.90
277, 0.00
278, 1.00
279, 0.15
280, 1.00
281, 0.95
282, 1.00
283, 0.41
284, 0.64
285, 0.95
286, 0.24
287, 0.52
288, 1.00
289, 0.22
290, 0.54
291, 0.27
292, 1.00
293, 0.34
294, 0.00
295, 0.47
296, 0.00
297, 0.31
298, 0.00
299, 0.44
300, 0.24
301, 0.92
302, 0.47
303, 0.28
304, 0.62
305, 0.97
306, 0.38
307, 0.87
308, 0.88
309, 0.47
310, 0.45
311, 0.00
312, 1.00
313, 0.39
314, 0.44
315, 0.58
316, 0.51
317, 0.96
318, 0.11
319, 0.03
320, 0.16
321, 1.00
322, 0.09
323, 0.00
324, 0.95
325, 1.00
326, 0.28
327, 0.17
328, 0.34
329, 0.46
330, 0.00
331, 0.32
332, 0.00
333, 0.00
334, 1.00
335, 0.59
336, 0.10
337, 0.48
338, 0.38
339, 0.68
340, 0.56
341, 0.35
342, 0.13
343, 0.00
344, 1.00
345, 0.57
346, 0.00
347, 0.16
348, 0.83
349, 0.95
350, 0.99
351, 0.18
352, 0.59
353, 0.96
354, 0.49
355, 0.35
356, 0.15
357, 0.00
358, 0.29
359, 0.45
360, 0.80
361, 0.54
362, 0.33
363, 0.95
364, 0.28
365, 0.64
366, 0.65
367, 1.00
368, 0.49
369, 0.01
370, 0.19
371, 0.99
372, 0.82
373, 0.91
374, 1.00
375, 0.88
376, 0.42
377, 0.32
378, 0.46
379, 0.40
380, 0.43
381, 0.00
382, 0.00
383, 0.51
384, 0.43
385, 0.27
386, 0.00
387, 0.43
388, 0.99
389, 0.00
390, 1.00
391, 0.46
392, 0.51
393, 0.31
394, 0.58
395, 0.39
396, 0.89
397, 0.00
398, 0.31
399, 0.99
400, 0.46
401, 0.88
402, 0.60
403, 0.55
404, 0.12
405, 0.35
406, 0.06
407, 0.49
408, 0.46
409, 0.13
410, 0.00
411, 0.99
412, 0.50
413, 0.41
414, 0.00
415, 0.31
416, 0.22
417, 1.00
418, 0.38
419, 0.87
420, 0.54
421, 0.90
422, 0.25
423, 0.99
424, 1.00
425, 0.81
426, 0.55
427, 0.99
428, 1.00
429, 0.00
430, 0.25
431, 0.99
432, 0.61
433, 0.41
434, 1.00
435, 0.70
436, 0.54
437, 0.46
438, 0.57
439, 0.00
440, 1.00
441, 0.17
442, 0.08
443, 0.34
444, 0.55
445, 0.33
446, 0.45
447, 0.00
448, 0.32
449, 1.00
450, 0.79
451, 0.00
452, 0.94
453, 0.00
454, 0.04
455, 0.27
456, 0.35
457, 0.22
458, 0.58
459, 0.42
460, 0.98
461, 0.53
462, 0.65
463, 1.00
464, 1.00
465, 0.91
466, 0.36
467, 0.93
468, 1.00
469, 0.50
470, 0.20
471, 0.43
472, 0.19
473, 0.45
474, 1.00
475, 0.99
476, 1.00
477, 0.28
478, 0.00
479, 0.11
480, 0.54
481, 1.00
482, 1.00
483, 0.57
484, 0.00
485, 0.97
486, 0.19
487, 1.00
488, 0.31
489, 0.21
490, 0.08
491, 0.00
492, 0.34
493, 0.39
494, 0.21
495, 0.07
496, 0.12
497, 0.54
498, 0.99
499, 0.99
500, 0.99
501, 0.09
502, 0.00
503, 0.43
504, 0.49
505, 1.00
506, 0.70
507, 1.00
508, 0.34
509, 0.20
510, 0.69
511, 0.49
512, 0.26
513, 0.15
514, 0.28
515, 0.52
516, 0.16
517, 0.99
518, 0.16
519, 0.12
520, 0.00
521, 0.54
522, 0.00
523, 0.26
524, 0.49
525, 0.52
526, 0.52
527, 0.73
528, 0.69
529, 0.23
530, 0.42
531, 0.59
532, 0.29
533, 0.70
534, 0.25
535, 0.42
536, 0.33
537, 0.59
538, 0.49
539, 0.00
540, 1.00
541, 0.63
542, 0.52
543, 1.00
544, 0.36
545, 0.34
546, 1.00
547, 0.22
548, 0.11
549, 0.08
550, 0.22
551, 0.35
552, 1.00
553, 0.00
554, 0.63
555, 0.45
556, 0.00
557, 1.00
558, 0.64
559, 0.61
560, 0.41
561, 0.26
562, 0.46
563, 1.00
564, 0.26
565, 0.99
566, 0.18
567, 1.00
568, 0.83
569, 1.00
570, 0.38
571, 0.91
572, 0.63
573, 0.00
574, 0.44
575, 0.62
576, 0.88
577, 0.97
578, 0.44
579, 0.49
580, 0.48
581, 0.38
582, 0.14
583, 0.55
584, 0.25
585, 0.38
586, 0.09
587, 0.35
588, 0.00
589, 0.15
590, 0.35
591, 0.92
592, 0.72
593, 1.00
594, 0.54
595, 1.00
596, 0.36
597, 0.38
598, 0.61
599, 0.63
600, 0.92
601, 1.00
602, 0.36
603, 0.11
604, 0.95
605, 0.04
606, 0.07
607, 0.00
608, 1.00
609, 0.01
610, 0.29
611, 0.58
612, 0.19
613, 0.20
614, 0.45
615, 0.29
616, 0.29
617, 0.50
618, 0.24
619, 0.00
620, 0.27
621, 0.55
622, 0.55
623, 0.42
624, 0.10
625, 0.42
626, 0.20
627, 1.00
628, 0.41
629, 0.58
630, 0.35
631, 0.11
632, 0.00
633, 0.38
634, 1.00
635, 0.60
636, 1.00
637, 0.64
638, 0.31
639, 0.59
640, 0.87
641, 0.69
642, 0.28
643, 0.70
644, 0.85
645, 0.50
646, 0.05
647, 0.16
648, 1.00
649, 0.41
650, 0.11
651, 0.41
652, 0.39
653, 0.95
654, 1.00
655, 0.05
656, 0.59
657, 0.39
658, 0.00
659, 0.42
660, 1.00
661, 0.33
662, 0.40
663, 0.49
664, 0.17
665, 0.18
666, 0.29
667, 1.00
668, 0.46
669, 1.00
670, 0.89
671, 0.42
672, 1.00
673, 0.96
674, 0.32
675, 1.00
676, 0.00
677, 0.00
678, 0.00
679, 0.54
680, 1.00
681, 1.00
682, 0.45
683, 0.13
684, 0.53
685, 0.36
686, 0.35
687, 0.55
688, 0.07
689, 0.00
690, 0.28
691, 0.99
692, 0.40
693, 0.15
694, 0.95
695, 0.27
696, 0.57
697, 0.42
698, 0.40
699, 0.66
700, 0.20
701, 0.02
702, 0.33
703, 0.36
704, 0.03
705, 0.23
706, 0.18
707, 0.00
708, 0.14
709, 0.00
710, 1.00
711, 0.27
712, 0.45
713, 0.54
714, 0.36
715, 0.11
716, 0.49
717, 0.14
718, 0.21
719, 0.42
720, 0.00
721, 0.94
722, 0.00
723, 0.31
724, 0.11
725, 0.50
726, 0.31
727, 0.49
728, 0.45
729, 0.21
730, 0.14
731, 0.00
732, 0.50
733, 1.00
734, 0.00
735, 0.21
736, 0.51
737, 0.00
738, 0.41
739, 0.08
740, 0.50
741, 0.02
742, 0.29
743, 0.04
744, 1.00
745, 0.18
746, 0.06
747, 0.48
748, 0.41
749, 0.89
750, 0.34
751, 0.30
752, 0.68
753, 1.00
754, 0.51
755, 0.11
756, 0.54
757, 0.77
758, 0.00
759, 0.40
760, 0.00
761, 0.94
762, 0.23
763, 0.11
764, 0.18
765, 0.00
766, 0.19
767, 0.41
768, 0.00
769, 0.30
770, 0.89
771, 0.56
772, 0.22
773, 0.38
774, 0.45
775, 0.49
776, 0.76
777, 0.25
778, 0.98
779, 0.54
780, 0.38
781, 0.98
782, 0.56
783, 0.27
784, 0.67
785, 0.49
786, 0.22
787, 0.21
788, 1.00
789, 0.00
790, 0.00
791, 0.27
792, 0.23
793, 0.00
794, 0.37
795, 0.49
796, 0.00
797, 0.42
798, 0.57
799, 1.00
800, 0.54
801, 0.98
802, 0.45
803, 1.00
804, 0.17
805, 0.22
806, 0.00
807, 0.68
808, 0.01
809, 0.00
810, 0.33
811, 0.88
812, 1.00
813, 0.00
814, 0.16
815, 0.17
816, 1.00
817, 0.06
818, 0.00
819, 0.37
820, 0.39
821, 0.00
822, 1.00
823, 0.30
824, 0.09
825, 0.00
826, 0.46
827, 0.66
828, 0.99
829, 0.45
830, 0.18
831, 0.61
832, 0.25
833, 0.43
834, 0.52
835, 0.31
836, 0.99
837, 0.17
838, 0.49
839, 0.52
840, 0.00
841, 0.30
842, 0.20
843, 0.58
844, 0.20
845, 0.40
846, 0.65
847, 0.00
848, 0.06
849, 0.49
850, 0.00
851, 0.30
852, 0.00
853, 0.90
854, 0.63
855, 1.00
856, 0.22
857, 0.19
858, 0.40
859, 0.95
860, 0.74
861, 0.00
862, 0.60
863, 0.33
864, 0.58
865, 0.32
866, 0.37
867, 0.01
868, 0.44
869, 0.31
870, 0.00
871, 0.62
872, 1.00
873, 1.00
874, 0.00
875, 0.00
876, 0.24
877, 0.60
878, 0.26
879, 0.64
880, 0.61
881, 0.24
882, 0.11
883, 0.96
884, 0.27
885, 0.21
886, 1.00
887, 0.12
888, 0.63
889, 0.28
890, 0.99
891, 0.37
892, 0.48
893, 0.45
894, 1.00
895, 0.60
896, 0.13
897, 0.84
898, 0.00
899, 0.00
900, 0.45
901, 0.25
902, 0.82
903, 0.37
904, 1.00
905, 1.00
906, 0.23
907, 0.51
908, 0.09
909, 0.12
910, 1.00
911, 0.54
912, 0.08
913, 0.07
914, 0.25
915, 0.39
916, 0.43
917, 1.00
918, 0.49
919, 0.60
920, 0.34
921, 0.43
922, 0.49
923, 0.54
924, 0.49
925, 0.31
926, 0.36
927, 1.00
928, 0.00
929, 1.00
930, 0.37
931, 0.06
932, 0.22
933, 0.50
934, 0.42
935, 0.08
936, 0.54
937, 0.01
938, 0.43
939, 0.57
940, 0.51
941, 0.00
942, 0.25
943, 0.46
944, 0.30
945, 0.08
946, 0.51
947, 1.00
948, 0.00
949, 0.00
950, 0.61
951, 0.99
952, 0.18
953, 0.51
954, 0.23
955, 0.15
956, 0.41
957, 0.52
958, 0.42
959, 0.00
960, 0.12
961, 0.91
962, 0.49
963, 1.00
964, 0.27
965, 0.22
966, 0.12
967, 0.99
968, 0.16
969, 0.34
970, 0.16
971, 0.06
972, 0.49
973, 0.00
974, 0.60
975, 0.44
976, 0.57
977, 0.46
978, 0.23
979, 0.70
980, 0.44
981, 0.49
982, 0.36
983, 0.56
984, 0.23
985, 0.43
986, 0.00
987, 0.40
988, 0.47
989, 0.40
990, 0.00
991, 0.00
992, 0.28
993, 0.30
994, 0.03
995, 0.21
996, 0.45
997, 0.34
998, 0.04
999, 0.53
1000, 0.37
1001, 0.40
1002, 0.14
1003, 0.42
1004, 1.00
1005, 0.00
1006, 0.13
1007, 1.00
1008, 0.35
1009, 0.24
1010, 0.35
1011, 0.30
1012, 0.92
1013, 0.28
1014, 0.00
1015, 0.41
1016, 0.95
1017, 0.38
1018, 0.49
1019, 0.59
1020, 0.00
1021, 0.69
1022, 0.69
1023, 0.49
1024, 0.34
1025, 0.15
1026, 1.00
1027, 0.72
1028, 1.00
1029, 0.45
1030, 0.00
1031, 1.00
1032, 0.32
1033, 0.48
1034, 0.62
1035, 1.00
1036, 0.41
1037, 0.25
1038, 0.51
1039, 0.48
1040, 0.56
1041, 0.66
1042, 1.00
1043, 0.11
1044, 0.26
1045, 0.77
1046, 0.07
1047, 0.28
1048, 0.13
1049, 0.15
1050, 0.46
1051, 0.99
1052, 0.57
1053, 0.12
1054, 0.00
1055, 1.00
1056, 0.00
1057, 0.15
1058, 0.45
1059, 0.40
1060, 0.49
1061, 0.15
1062, 0.57
1063, 0.39
1064, 1.00
1065, 0.45
1066, 1.00
1067, 0.55
1068, 0.00
1069, 0.93
1070, 0.99
1071, 0.45
1072, 0.49
1073, 0.66
1074, 0.00
1075, 0.09
1076, 0.27
1077, 0.29
1078, 0.00
1079, 0.18
1080, 0.00
1081, 0.22
1082, 0.36
1083, 1.00
1084, 0.94
1085, 0.95
1086, 0.21
1087, 0.50
1088, 0.47
1089, 0.84
1090, 0.42
1091, 0.49
1092, 0.54
1093, 0.33
1094, 0.44
1095, 0.34
1096, 0.27
1097, 0.56
1098, 0.87
1099, 0.36
1100, 0.50
1101, 0.19
1102, 0.54
1103, 0.41
1104, 0.52
1105, 0.28
1106, 0.12
1107, 0.31
1108, 0.22
1109, 0.00
1110, 0.61
1111, 0.15
1112, 0.75
1113, 0.51
1114, 1.00
1115, 0.98
1116, 0.95
1117, 0.33
1118, 1.00
1119, 0.97
1120, 1.00
1121, 0.26
1122, 0.92
1123, 0.99
1124, 1.00
1125, 0.00
1126, 0.07
1127, 0.48
1128, 0.96
1129, 0.00
1130, 0.40
1131, 0.38
1132, 0.48
1133, 0.41
1134, 0.28
1135, 0.11
1136, 0.11
1137, 0.89
1138, 0.38
1139, 0.26
1140, 1.00
1141, 0.00
1142, 0.01
1143, 0.64
1144, 0.57
1145, 0.80
1146, 0.93
1147, 0.00
1148, 1.00
1149, 1.00
1150, 0.41
1151, 0.17
1152, 1.00
1153, 0.00
1154, 0.00
1155, 0.00
1156, 0.00
1157, 0.14
1158, 0.19
1159, 0.99
1160, 0.50
1161, 0.48
1162, 0.27
1163, 0.30
1164, 0.38
1165, 1.00
1166, 0.64
1167, 0.57
1168, 0.58
1169, 0.52
1170, 0.33
1171, 0.22
1172, 1.00
1173, 0.49
1174, 1.00
1175, 0.70
1176, 0.56
1177, 0.13
1178, 0.19
1179, 0.54
1180, 0.28
1181, 0.20
1182, 0.29
1183, 0.51
1184, 0.90
1185, 0.30
1186, 1.00
1187, 0.51
1188, 0.25
1189, 0.65
1190, 0.45
1191, 1.00
1192, 0.44
1193, 0.59
1194, 0.45
1195, 0.70
1196, 0.15
1197, 0.17
1198, 0.89
1199, 1.00
1200, 0.41
1201, 0.29
1202, 0.33
1203, 1.00
1204, 0.37
1205, 0.54
1206, 0.29
1207, 0.88
1208, 0.03
1209, 0.08
1210, 0.39
1211, 0.98
1212, 0.49
1213, 0.53
1214, 0.07
1215, 0.54
1216, 0.56
1217, 0.04
1218, 0.40
1219, 0.24
1220, 0.00
1221, 1.00
1222, 0.49
1223, 0.61
1224, 0.32
1225, 0.53
1226, 0.31
1227, 0.00
1228, 0.66
1229, 0.32
1230, 0.88
1231, 0.45
1232, 0.90
1233, 0.00
1234, 0.50
1235, 0.35
1236, 0.47
1237, 0.20
1238, 0.52
1239, 0.00
1240, 0.44
1241, 0.00
1242, 0.56
1243, 0.61
1244, 0.00
1245, 0.46
1246, 0.32
1247, 0.00
1248, 0.24
1249, 0.48
1250, 0.52
1251, 0.99
1252, 0.55
1253, 0.54
1254, 0.33
1255, 0.35
1256, 1.00
1257, 1.00
1258, 0.74
1259, 0.23
1260, 0.20
1261, 0.42
1262, 0.85
1263, 0.99
1264, 0.60
1265, 0.50
1266, 0.47
1267, 0.18
1268, 0.59
1269, 0.46
1270, 0.00
1271, 0.31
1272, 0.99
1273, 1.00
1274, 0.41
1275, 0.48
1276, 0.53
1277, 0.46
1278, 0.52
1279, 1.00
1280, 0.25
1281, 0.24
1282, 0.56
1283, 0.51
1284, 0.67
1285, 1.00
1286, 1.00
1287, 0.93
1288, 0.57
1289, 0.41
1290, 0.45
1291, 1.00
1292, 0.34
1293, 1.00
1294, 0.49
1295, 0.59
1296, 0.48
1297, 0.62
1298, 0.05
1299, 0.99
1300, 0.19
1301, 0.96
1302, 0.00
1303, 0.27
1304, 0.23
1305, 0.88
1306, 1.00
1307, 0.54
1308, 0.37
1309, 0.06
1310, 0.13
1311, 0.18
1312, 0.00
1313, 0.26
1314, 0.00
1315, 1.00
1316, 0.10
1317, 0.00
1318, 0.66
1319, 0.93
1320, 0.91
1321, 0.31
1322, 0.00
1323, 0.93
1324, 0.31
1325, 0.59
1326, 0.44
1327, 0.15
1328, 1.00
1329, 0.91
1330, 0.29
1331, 0.29
1332, 1.00
1333, 0.15
1334, 0.71
1335, 0.67
1336, 0.36
1337, 0.11
1338, 0.34
1339, 1.00
1340, 0.27
1341, 0.00
1342, 0.35
1343, 0.81
1344, 0.45
1345, 1.00
1346, 0.16
1347, 0.19
1348, 0.00
1349, 0.26
1350, 0.44
1351, 0.00
1352, 0.00
1353, 0.13
1354, 0.98
1355, 0.51
1356, 0.07
1357, 0.27
1358, 0.98
1359, 0.30
1360, 0.31
1361, 0.20
1362, 1.00
1363, 0.22
1364, 0.25
1365, 0.41
1366, 0.33
1367, 1.00
1368, 0.99
1369, 0.60
1370, 0.99
1371, 0.08
1372, 0.35
1373, 0.20
1374, 0.00
1375, 1.00
1376, 0.48
1377, 0.00
1378, 0.39
1379, 0.42
1380, 0.26
1381, 0.41
1382, 0.08
1383, 0.20
1384, 0.70
1385, 0.91
1386, 0.61
1387, 0.25
1388, 0.99
1389, 0.29
1390, 0.51
1391, 0.92
1392, 0.81
1393, 0.49
1394, 1.00
1395, 0.38
1396, 0.57
1397, 0.00
1398, 0.55
1399, 0.99
1400, 0.29
1401, 0.32
1402, 0.42
1403, 0.00
1404, 0.27
1405, 0.00
1406, 0.19
1407, 0.88
1408, 0.34
1409, 0.54
1410, 1.00
1411, 0.41
1412, 1.00
1413, 0.48
1414, 0.56
1415, 0.02
1416, 0.35
1417, 0.27
1418, 0.45
1419, 0.21
1420, 0.53
1421, 0.15
1422, 0.45
1423, 0.30
1424, 0.25
1425, 0.61
1426, 0.50
1427, 0.54
1428, 0.60
1429, 0.00
1430, 0.44
1431, 0.42
1432, 0.63
1433, 0.42
1434, 0.62
1435, 0.00
1436, 0.23
1437, 0.50
1438, 0.00
1439, 0.87
1440, 0.39
1441, 0.19
1442, 0.19
1443, 0.23
1444, 0.58
1445, 0.13
1446, 0.00
1447, 0.00
1448, 0.00
1449, 0.00
1450, 0.39
1451, 0.94
1452, 0.99
1453, 1.00
1454, 0.00
1455, 0.54
1456, 0.49
1457, 0.44
1458, 0.00
1459, 0.34
1460, 0.09
1461, 0.00
1462, 0.45
1463, 0.00
1464, 0.70
1465, 0.00
1466, 0.99
1467, 0.08
1468, 0.73
1469, 0.70
1470, 0.28
1471, 0.42
1472, 0.00
1473, 0.00
1474, 0.24
1475, 1.00
1476, 0.83
1477, 0.23
1478, 0.00
1479, 0.31
1480, 0.99
1481, 0.61
1482, 0.17
1483, 0.73
1484, 0.56
1485, 0.59
1486, 0.89
1487, 1.00
1488, 0.00
1489, 0.68
1490, 0.00
1491, 0.48
1492, 0.93
1493, 0.19
1494, 0.97
1495, 1.00
1496, 0.23
1497, 0.94
1498, 0.00
1499, 0.00
1500, 0.00
1501, 0.56
1502, 0.15
1503, 0.99
1504, 0.99
1505, 1.00
1506, 0.54
1507, 0.49
1508, 0.62
1509, 0.12
1510, 0.65
1511, 0.38
1512, 0.09
1513, 0.19
1514, 0.00
1515, 0.38
1516, 0.45
1517, 0.49
1518, 0.77
1519, 0.01
1520, 0.00
1521, 0.00
1522, 0.45
1523, 0.00
1524, 0.27
1525, 0.62
1526, 0.00
1527, 0.00
1528, 0.64
1529, 0.80
1530, 0.12
1531, 1.00
1532, 0.99
1533, 0.96
1534, 0.61
1535, 0.95
1536, 0.13
1537, 0.96
1538, 1.00
1539, 0.49
1540, 0.29
1541, 1.00
1542, 0.50
1543, 0.22
1544, 0.30
1545, 0.94
1546, 0.59
1547, 0.38
1548, 0.48
1549, 0.76
1550, 0.18
1551, 0.10
1552, 0.57
1553, 0.12
1554, 0.45
1555, 0.00
1556, 0.30
1557, 1.00
1558, 0.40
1559, 0.88
1560, 1.00
1561, 0.51
1562, 0.19
1563, 0.01
1564, 1.00
1565, 1.00
1566, 0.37
1567, 0.66
1568, 0.40
1569, 1.00
1570, 0.71
1571, 1.00
1572, 1.00
1573, 0.00
1574, 0.05
1575, 0.17
1576, 1.00
1577, 1.00
1578, 1.00
1579, 0.30
1580, 0.00
1581, 0.19
1582, 0.18
1583, 0.65
1584, 0.00
1585, 0.43
1586, 0.00
1587, 0.51
1588, 0.59
1589, 1.00
1590, 0.36
1591, 1.00
1592, 0.59
1593, 0.42
1594, 0.25
1595, 0.00
1596, 0.58
1597, 0.52
1598, 0.99
1599, 0.81
1600, 0.00
1601, 0.27
1602, 0.51
1603, 0.59
1604, 0.40
1605, 0.00
1606, 0.62
1607, 0.36
1608, 0.25
1609, 0.19
1610, 0.50
1611, 0.80
1612, 0.13
1613, 0.00
1614, 1.00
1615, 1.00
1616, 0.49
1617, 0.49
1618, 0.98
1619, 0.33
1620, 1.00
1621, 0.46
1622, 1.00
1623, 0.47
1624, 0.64
1625, 0.60
1626, 0.22
1627, 0.53
1628, 0.96
1629, 0.49
1630, 0.43
1631, 0.36
1632, 0.20
1633, 0.06
1634, 0.52
1635, 0.30
1636, 1.00
1637, 0.96
1638, 0.56
1639, 0.00
1640, 0.00
1641, 0.49
1642, 1.00
1643, 0.99
1644, 0.46
1645, 0.26
1646, 0.00
1647, 1.00
1648, 0.89
1649, 0.00
1650, 0.20
1651, 0.19
1652, 0.00
1653, 1.00
1654, 0.00
1655, 0.69
1656, 0.07
1657, 0.22
1658, 0.41
1659, 0.68
1660, 0.72
1661, 0.00
1662, 0.47
1663, 0.61
1664, 0.46
1665, 1.00
1666, 0.29
1667, 0.56
1668, 0.00
1669, 0.54
1670, 0.44
1671, 1.00
1672, 0.18
1673, 0.59
1674, 0.49
1675, 0.00
1676, 0.36
1677, 0.96
1678, 0.41
1679, 1.00
1680, 0.41
1681, 0.99
1682, 1.00
1683, 0.06
1684, 0.34
1685, 0.95
1686, 0.94
1687, 0.59
1688, 0.00
1689, 0.20
1690, 0.49
1691, 0.69
1692, 0.12
1693, 0.00
1694, 0.66
1695, 0.45
1696, 0.56
1697, 1.00
1698, 0.22
1699, 0.34
1700, 0.48
1701, 0.55
1702, 0.94
1703, 1.00
1704, 0.36
1705, 0.38
1706, 1.00
1707, 0.15
1708, 0.32
1709, 0.39
1710, 0.00
1711, 0.82
1712, 0.46
1713, 0.34
1714, 0.39
1715, 1.00
1716, 0.99
1717, 0.40
1718, 0.00
1719, 0.20
1720, 0.41
1721, 0.33
1722, 0.22
1723, 0.33
1724, 0.38
1725, 0.52
1726, 1.00
1727, 0.26
1728, 0.43
1729, 1.00
1730, 0.13
1731, 0.08
1732, 0.47
1733, 0.53
1734, 0.32
1735, 0.47
1736, 0.53
1737, 0.00
1738, 1.00
1739, 0.89
1740, 1.00
1741, 0.57
1742, 0.94
1743, 0.25
1744, 0.04
1745, 0.54
1746, 0.28
1747, 0.28
1748, 0.44
1749, 0.39
1750, 0.70
1751, 0.11
1752, 0.55
1753, 0.96
1754, 1.00
1755, 0.49
1756, 0.04
1757, 1.00
1758, 0.44
1759, 0.75
1760, 0.47
1761, 0.95
1762, 0.33
1763, 0.36
1764, 0.64
1765, 0.88
1766, 0.59
1767, 1.00
1768, 0.10
1769, 0.66
1770, 0.19
1771, 0.31
1772, 0.21
1773, 0.47
1774, 0.41
1775, 0.56
1776, 0.36
1777, 0.31
1778, 0.56
1779, 0.48
1780, 1.00
1781, 0.44
1782, 0.22
1783, 0.28
1784, 0.00
1785, 0.41
1786, 0.41
1787, 1.00
1788, 0.52
1789, 0.21
1790, 0.48
1791, 0.01
1792, 0.52
1793, 0.41
1794, 0.28
1795, 0.00
1796, 0.29
1797, 0.55
1798, 0.00
1799, 0.56
1800, 1.00
1801, 0.35
1802, 0.45
1803, 0.49
1804, 0.05
1805, 0.42
1806, 1.00
1807, 0.42
1808, 0.53
1809, 0.56
1810, 0.67
1811, 0.28
1812, 0.49
1813, 0.95
1814, 0.30
1815, 0.47
1816, 0.03
1817, 0.52
1818, 0.61
1819, 0.34
1820, 0.39
1821, 0.28
1822, 0.99
1823, 0.03
1824, 0.40
1825, 0.33
1826, 0.35
1827, 0.00
1828, 0.00
1829, 0.59
1830, 0.35
1831, 0.51
1832, 0.00
1833, 1.00
1834, 0.29
1835, 0.30
1836, 0.52
1837, 0.22
1838, 0.37
1839, 0.00
1840, 0.20
1841, 0.26
1842, 0.39
1843, 0.00
1844, 0.38
1845, 0.22
1846, 1.00
1847, 0.17
1848, 0.36
1849, 0.13
1850, 0.50
1851, 0.36
1852, 0.41
1853, 0.60
1854, 0.64
1855, 0.33
1856, 0.57
1857, 0.05
1858, 0.27
1859, 0.33
1860, 0.01
1861, 0.35
1862, 1.00
1863, 0.00
1864, 0.22
1865, 0.35
1866, 0.40
1867, 0.37
1868, 0.32
1869, 0.45
1870, 0.47
1871, 0.31
1872, 0.54
1873, 0.54
1874, 0.18
1875, 0.96
1876, 1.00
1877, 0.56
1878, 0.16
1879, 0.99
1880, 0.99
1881, 1.00
1882, 0.64
1883, 0.19
1884, 0.61
1885, 0.00
1886, 0.23
1887, 0.00
1888, 0.18
1889, 0.61
1890, 0.92
1891, 0.53
1892, 1.00
1893, 0.39
1894, 0.00
1895, 0.96
1896, 0.18
1897, 0.35
1898, 0.11
1899, 1.00
1900, 0.29
1901, 0.19
1902, 1.00
1903, 0.99
1904, 0.27
1905, 0.97
1906, 0.59
1907, 1.00
1908, 0.55
1909, 0.49
1910, 0.18
1911, 0.20
1912, 1.00
1913, 0.51
1914, 0.41
1915, 0.07
1916, 0.39
1917, 0.55
1918, 0.14
1919, 1.00
1920, 0.09
1921, 1.00
1922, 0.84
1923, 0.13
1924, 1.00
1925, 0.15
1926, 0.46
1927, 0.53
1928, 0.27
1929, 0.26
1930, 0.00
1931, 0.10
1932, 0.23
1933, 0.63
1934, 0.39
1935, 0.46
1936, 0.34
1937, 0.95
1938, 0.36
1939, 0.42
1940, 0.55
1941, 0.45
1942, 0.56
1943, 0.72
1944, 1.00
1945, 0.22
1946, 0.52
1947, 0.10
1948, 0.25
1949, 1.00
1950, 0.16
1951, 0.52
1952, 0.59
1953, 0.99
1954, 0.56
1955, 0.38
1956, 0.75
1957, 0.45
1958, 0.28
1959, 0.83
1960, 0.00
1961, 1.00
1962, 0.95
1963, 0.42
1964, 0.96
1965, 0.24
1966, 0.15
1967, 0.96
1968, 0.14
1969, 0.49
1970, 1.00
1971, 0.53
1972, 1.00
1973, 0.33
1974, 0.49
1975, 0.52
1976, 0.09
1977, 0.87
1978, 0.27
1979, 0.74
1980, 0.42
1981, 0.40
1982, 0.19
1983, 0.26
1984, 0.50
1985, 0.35
1986, 1.00
1987, 0.40
1988, 0.58
1989, 0.55
1990, 0.63
1991, 0.41
1992, 0.98
1993, 0.51
1994, 0.62
1995, 0.93
1996, 0.45
1997, 0.32
1998, 0.94
1999, 0.23
2000, 0.43
2001, 0.00
2002, 0.31
2003, 0.22
2004, 1.00
2005, 1.00
2006, 0.45
2007, 0.95
2008, 0.18
2009, 0.57
2010, 1.00
2011, 0.37
2012, 0.35
2013, 0.48
2014, 0.99
2015, 0.99
2016, 0.45
2017, 0.03
2018, 0.49
2019, 0.25
2020, 0.07
2021, 0.42
2022, 0.46
2023, 0.00
2024, 0.47
2025, 0.23
2026, 0.46
2027, 1.00
2028, 0.50
2029, 1.00
2030, 0.00
2031, 0.58
2032, 0.08
2033, 0.04
2034, 0.38
2035, 0.51
2036, 0.48
2037, 0.12
2038, 0.63
2039, 0.43
2040, 0.00
2041, 0.06
2042, 0.39
2043, 0.34
2044, 0.43
2045, 0.11
2046, 0.99
2047, 0.00
2048, 0.39
2049, 0.27
2050, 0.06
2051, 0.18
2052, 0.58
2053, 0.62
2054, 0.13
2055, 0.30
2056, 0.35
2057, 0.50
2058, 0.11
2059, 0.93
2060, 0.16
2061, 0.28
2062, 0.14
2063, 0.33
2064, 0.24
2065, 1.00
2066, 0.03
2067, 0.57
2068, 0.12
2069, 0.00
2070, 0.45
2071, 0.25
2072, 0.00
2073, 0.87
2074, 0.25
2075, 0.44
2076, 0.40
2077, 0.33
2078, 0.49
2079, 0.26
2080, 0.39
2081, 1.00
2082, 0.52
2083, 0.10
2084, 0.65
2085, 0.10
2086, 0.13
2087, 1.00
2088, 0.37
2089, 0.62
2090, 0.59
2091, 0.45
2092, 0.92
2093, 0.45
2094, 0.22
2095, 0.22
2096, 0.30
2097, 0.00
2098, 0.00
2099, 0.56
2100, 0.06
2101, 0.22
2102, 0.14
2103, 0.41
2104, 0.05
2105, 1.00
2106, 0.99
2107, 1.00
2108, 0.16
2109, 0.85
2110, 0.99
2111, 0.56
2112, 0.00
2113, 0.18
2114, 0.00
2115, 1.00
2116, 0.00
2117, 0.57
2118, 0.02
2119, 0.46
2120, 0.48
2121, 0.18
2122, 0.37
2123, 0.34
2124, 0.99
2125, 0.54
2126, 0.61
2127, 0.57
2128, 0.53
2129, 0.45
2130, 0.58
2131, 0.14
2132, 0.23
2133, 1.00
2134, 1.00
2135, 0.71
2136, 0.49
2137, 1.00
2138, 0.48
2139, 0.15
2140, 0.00
2141, 1.00
2142, 0.87
2143, 1.00
2144, 0.26
2145, 0.53
2146, 0.60
2147, 0.65
2148, 0.97
2149, 0.00
2150, 0.02
2151, 0.60
2152, 0.57
2153, 0.29
2154, 0.99
2155, 0.99
2156, 0.33
2157, 0.52
2158, 0.61
2159, 0.47
2160, 0.39
2161, 0.91
2162, 0.49
2163, 0.00
2164, 0.46
2165, 0.40
2166, 0.99
2167, 0.68
2168, 1.00
2169, 0.50
2170, 0.22
2171, 0.28
2172, 0.03
2173, 0.73
2174, 0.00
2175, 0.32
2176, 0.27
2177, 0.51
2178, 0.41
2179, 0.28
2180, 0.47
2181, 0.45
2182, 1.00
2183, 0.55
2184, 0.49
2185, 0.48
2186, 0.68
2187, 0.00
2188, 0.28
2189, 0.27
2190, 0.03
2191, 0.00
2192, 0.18
2193, 1.00
2194, 0.22
2195, 0.38
2196, 0.99
2197, 0.00
2198, 0.31
2199, 0.25
2200, 0.36
2201, 0.22
2202, 1.00
2203, 1.00
2204, 0.93
2205, 0.00
2206, 0.00
2207, 0.14
2208, 0.00
2209, 0.08
2210, 1.00
2211, 0.00
2212, 0.58
2213, 0.29
2214, 0.00
2215, 0.43
2216, 0.00
2217, 1.00
2218, 0.33
2219, 0.42
2220, 0.46
2221, 0.57
2222, 0.60
2223, 0.91
2224, 0.13
2225, 0.60
2226, 0.93
2227, 0.36
2228, 0.14
2229, 0.18
2230, 0.45
2231, 0.52
2232, 1.00
2233, 0.29
2234, 0.38
2235, 0.52
2236, 0.10
2237, 0.38
2238, 0.15
2239, 0.14
2240, 0.55
2241, 0.35
2242, 0.62
2243, 1.00
2244, 0.00
2245, 0.99
2246, 0.34
2247, 0.52
2248, 0.00
2249, 0.00
2250, 1.00
2251, 0.41
2252, 0.39
2253, 0.36
2254, 0.00
2255, 1.00
2256, 0.00
2257, 0.28
2258, 0.18
2259, 0.01
2260, 1.00
2261, 1.00
2262, 0.92
2263, 0.32
2264, 0.00
2265, 0.00
2266, 0.68
2267, 0.22
2268, 1.00
2269, 0.93
2270, 0.00
2271, 0.37
2272, 0.97
2273, 0.25
2274, 0.00
2275, 1.00
2276, 0.23
2277, 0.15
2278, 0.33
2279, 0.01
2280, 0.92
2281, 0.61
2282, 0.33
2283, 0.50
2284, 0.67
2285, 0.57
2286, 0.48
2287, 0.00
2288, 0.37
2289, 0.98
2290, 1.00
2291, 0.22
2292, 1.00
2293, 1.00
2294, 0.49
2295, 0.99
2296, 0.97
2297, 0.15
2298, 0.41
2299, 0.00
2300, 1.00
2301, 0.09
2302, 0.00
2303, 0.29
2304, 0.32
2305, 0.49
2306, 0.05
2307, 0.90
2308, 0.55
2309, 0.62
2310, 0.27
2311, 0.54
2312, 0.48
2313, 0.23
2314, 0.50
2315, 0.55
2316, 0.99
2317, 1.00
2318, 0.96
2319, 0.18
2320, 0.40
2321, 0.99
2322, 0.00
2323, 0.06
2324, 0.49
2325, 0.27
2326, 0.11
2327, 0.11
2328, 0.27
2329, 0.00
2330, 0.55
2331, 0.14
2332, 0.28
2333, 1.00
2334, 0.16
2335, 0.04
2336, 1.00
2337, 0.48
2338, 0.61
2339, 0.36
2340, 0.36
2341, 0.49
2342, 0.15
2343, 1.00
2344, 0.30
2345, 0.10
2346, 0.62
2347, 0.58
2348, 0.00
2349, 0.57
2350, 0.19
2351, 1.00
2352, 0.46
2353, 0.00
2354, 0.94
2355, 0.24
2356, 0.41
2357, 1.00
2358, 0.37
2359, 0.00
2360, 0.09
2361, 1.00
2362, 0.44
2363, 1.00
2364, 0.52
2365, 0.94
2366, 0.37
2367, 0.00
2368, 0.43
2369, 0.32
2370, 0.23
2371, 0.24
2372, 0.91
2373, 0.25
2374, 0.11
2375, 0.50
2376, 0.89
2377, 0.19
2378, 0.51
2379, 0.56
2380, 0.36
2381, 0.00
2382, 0.60
2383, 0.24
2384, 0.56
2385, 1.00
2386, 0.38
2387, 1.00
2388, 0.07
2389, 1.00
2390, 0.47
2391, 0.24
2392, 1.00
2393, 0.17
2394, 0.00
2395, 0.32
2396, 0.18
2397, 0.31
2398, 1.00
2399, 0.07
2400, 0.38
2401, 0.47
2402, 0.34
2403, 0.21
2404, 0.00
2405, 0.47
2406, 0.47
2407, 0.00
2408, 1.00
2409, 0.01
2410, 0.53
2411, 0.45
2412, 1.00
2413, 0.44
2414, 0.33
2415, 0.18
2416, 0.58
2417, 0.89
2418, 0.50
2419, 1.00
2420, 0.94
2421, 1.00
2422, 0.65
2423, 0.28
2424, 0.99
2425, 0.57
2426, 0.80
2427, 0.34
2428, 0.47
2429, 0.34
2430, 0.27
2431, 0.48
2432, 0.99
2433, 1.00
2434, 0.24
2435, 0.28
2436, 0.00
2437, 0.16
2438, 0.14
2439, 0.21
2440, 0.08
2441, 0.00
2442, 0.58
2443, 0.49
2444, 0.03
2445, 0.17
2446, 0.00
2447, 0.33
2448, 0.40
2449, 0.57
2450, 0.43
2451, 0.18
2452, 0.25
2453, 0.28
2454, 0.07
2455, 0.54
2456, 1.00
2457, 0.89
2458, 0.23
2459, 0.28
2460, 1.00
2461, 1.00
2462, 0.31
2463, 1.00
2464, 0.99
2465, 0.40
2466, 0.06
2467, 1.00
2468, 0.59
2469, 0.00
2470, 0.44
2471, 0.47
2472, 0.00
2473, 0.57
2474, 0.33
2475, 0.52
2476, 0.96
2477, 0.44
2478, 0.00
2479, 1.00
2480, 0.90
2481, 0.41
2482, 1.00
2483, 0.30
2484, 0.96
2485, 0.16
2486, 0.70
2487, 0.55
2488, 0.59
2489, 0.52
2490, 0.39
2491, 0.28
2492, 0.52
2493, 0.50
2494, 0.58
2495, 0.22
2496, 0.26
2497, 0.30
2498, 1.00
2499, 0.12
2500, 0.65
2501, 0.12
2502, 0.01
2503, 0.00
2504, 0.49
2505, 0.96
2506, 0.44
2507, 0.30
2508, 0.26
2509, 0.00
2510, 0.48
2511, 0.23
2512, 0.16
2513, 1.00
2514, 1.00
2515, 0.68
2516, 1.00
2517, 0.00
2518, 0.39
2519, 0.00
2520, 0.32
2521, 0.12
2522, 0.81
2523, 0.55
2524, 0.16
2525, 0.56
2526, 0.00
2527, 0.57
2528, 0.55
2529, 0.93
2530, 0.79
2531, 0.65
2532, 0.64
2533, 0.17
2534, 0.35
2535, 0.00
2536, 0.40
2537, 0.93
2538, 0.53
2539, 0.74
2540, 0.17
2541, 1.00
2542, 0.04
2543, 0.47
2544, 0.39
2545, 0.70
2546, 0.00
2547, 0.66
2548, 0.44
2549, 0.27
2550, 1.00
2551, 0.59
2552, 0.94
2553, 1.00
2554, 0.28
2555, 0.48
2556, 0.00
2557, 0.27
2558, 0.37
2559, 0.35
2560, 0.17
2561, 0.00
2562, 1.00
2563, 1.00
2564, 0.04
2565, 0.28
2566, 0.36
2567, 0.51
2568, 0.46
2569, 1.00
2570, 0.35
2571, 0.00
2572, 0.66
2573, 1.00
2574, 0.49
2575, 0.32
2576, 0.49
2577, 0.00
2578, 0.56
2579, 0.28
2580, 0.33
2581, 0.57
2582, 0.54
2583, 0.42
2584, 0.27
2585, 0.43
2586, 0.52
2587, 0.57
2588, 0.00
2589, 0.58
2590, 0.15
2591, 0.46
2592, 0.99
2593, 0.25
2594, 0.36
2595, 0.96
2596, 0.03
2597, 0.41
2598, 0.12
2599, 0.09
2600, 0.49
2601, 0.22
2602, 0.42
2603, 0.64
2604, 0.24
2605, 0.36
2606, 1.00
2607, 0.37
2608, 0.46
2609, 0.55
2610, 0.00
2611, 0.14
2612, 0.37
2613, 0.82
2614, 0.00
2615, 0.71
2616, 0.48
2617, 1.00
2618, 0.48
2619, 0.00
2620, 0.89
2621, 0.16
2622, 1.00
2623, 0.47
2624, 0.15
2625, 0.48
2626, 1.00
2627, 1.00
2628, 0.88
2629, 0.42
2630, 0.58
2631, 0.35
2632, 0.75
2633, 1.00
2634, 0.49
2635, 0.10
2636, 0.21
2637, 0.00
2638, 0.16
2639, 0.55
2640, 0.50
2641, 0.57
2642, 0.36
2643, 0.41
2644, 0.17
2645, 0.54
2646, 0.19
2647, 0.25
2648, 0.60
2649, 0.51
2650, 0.49
2651, 0.19
2652, 0.44
2653, 0.00
2654, 0.97
2655, 0.53
2656, 0.99
2657, 1.00
2658, 0.67
2659, 0.00
2660, 0.61
2661, 0.40
2662, 1.00
2663, 0.72
2664, 0.12
2665, 0.66
2666, 0.50
2667, 0.19
2668, 0.64
2669, 0.00
2670, 0.51
2671, 1.00
2672, 0.17
2673, 0.81
2674, 0.49
2675, 0.00
2676, 0.10
2677, 0.38
2678, 1.00
2679, 0.68
2680, 0.43
2681, 1.00
2682, 0.87
2683, 1.00
2684, 0.37
2685, 0.00
2686, 0.98
2687, 0.58
2688, 0.13
2689, 0.58
2690, 0.13
2691, 0.49
2692, 0.62
2693, 0.00
2694, 0.49
2695, 0.24
2696, 0.51
2697, 0.36
2698, 0.44
2699, 0.68
2700, 0.49
2701, 0.05
2702, 0.41
2703, 0.50
2704, 0.50
2705, 0.41
2706, 1.00
2707, 0.38
2708, 0.95
2709, 0.99
2710, 0.99
2711, 0.21
2712, 1.00
2713, 0.57
2714, 0.49
2715, 0.41
2716, 0.11
2717, 0.02
2718, 0.64
2719, 0.88
2720, 0.45
2721, 1.00
2722, 0.29
2723, 0.54
2724, 0.76
2725, 0.00
2726, 0.52
2727, 0.65
2728, 0.45
2729, 0.46
2730, 0.49
2731, 0.46
2732, 0.97
2733, 0.00
2734, 0.25
2735, 0.52
2736, 0.37
2737, 0.12
2738, 0.68
2739, 0.45
2740, 0.51
2741, 1.00
2742, 1.00
2743, 1.00
2744, 0.00
2745, 0.56
2746, 0.22
2747, 0.78
2748, 0.69
2749, 0.53
2750, 0.50
2751, 0.22
2752, 0.00
2753, 0.96
2754, 1.00
2755, 1.00
2756, 0.01
2757, 0.29
2758, 1.00
2759, 0.49
2760, 0.27
2761, 0.00
2762, 0.49
2763, 0.27
2764, 0.52
2765, 0.89
2766, 0.29
2767, 0.99
2768, 0.19
2769, 0.12
2770, 0.23
2771, 0.99
2772, 0.12
2773, 0.56
2774, 0.49
2775, 0.00
2776, 1.00
2777, 1.00
2778, 0.49
2779, 0.00
2780, 0.33
2781, 0.97
2782, 0.08
2783, 0.43
2784, 1.00
2785, 0.33
2786, 1.00
2787, 0.35
2788, 0.00
2789, 0.99
2790, 0.17
2791, 0.46
2792, 1.00
2793, 0.26
2794, 0.26
2795, 0.14
2796, 0.49
2797, 0.50
2798, 0.94
2799, 0.38
2800, 0.00
2801, 0.00
2802, 0.25
2803, 0.59
2804, 0.00
2805, 0.99
2806, 0.00
2807, 0.26
2808, 0.58
2809, 0.19
2810, 0.49
2811, 0.00
2812, 0.14
2813, 0.27
2814, 0.50
2815, 0.99
2816, 0.53
2817, 0.00
2818, 0.09
2819, 0.24
2820, 1.00
2821, 0.22
2822, 0.82
2823, 0.00
2824, 0.73
2825, 0.00
2826, 1.00
2827, 0.00
2828, 0.36
2829, 0.29
2830, 0.28
2831, 0.65
2832, 0.41
2833, 0.29
2834, 1.00
2835, 0.58
2836, 0.00
2837, 1.00
2838, 0.42
2839, 0.93
2840, 0.49
2841, 0.00
2842, 0.57
2843, 0.60
2844, 0.11
2845, 0.99
2846, 0.37
2847, 0.35
2848, 0.94
2849, 0.97
2850, 0.40
2851, 0.49
2852, 0.00
2853, 0.90
2854, 0.56
2855, 0.18
2856, 0.00
2857, 1.00
2858, 0.23
2859, 0.38
2860, 0.40
2861, 0.23
2862, 0.50
2863, 0.81
2864, 0.80
2865, 0.70
2866, 0.51
2867, 0.17
2868, 0.81
2869, 0.53
2870, 0.08
2871, 0.00
2872, 0.39
2873, 0.48
2874, 0.32
2875, 0.36
2876, 0.00
2877, 0.15
2878, 0.91
2879, 0.29
2880, 1.00
2881, 0.41
2882, 1.00
2883, 1.00
2884, 1.00
2885, 0.19
2886, 0.51
2887, 0.63
2888, 0.18
2889, 0.59
2890, 0.57
2891, 0.62
2892, 0.49
2893, 0.52
2894, 0.30
2895, 0.62
2896, 1.00
2897, 0.00
2898, 1.00
2899, 0.41
2900, 0.37
2901, 0.09
2902, 1.00
2903, 1.00
2904, 0.00
2905, 0.10
2906, 0.45
2907, 0.52
2908, 0.80
2909, 0.00
2910, 1.00
2911, 0.47
2912, 0.06
2913, 0.31
2914, 0.28
2915, 0.99
2916, 0.83
2917, 0.00
2918, 0.66
2919, 0.22
2920, 0.07
2921, 1.00
2922, 0.62
2923, 0.35
2924, 0.99
2925, 0.41
2926, 0.16
2927, 0.60
2928, 0.42
2929, 0.46
2930, 0.26
2931, 0.41
2932, 0.37
2933, 0.39
2934, 0.53
2935, 0.45
2936, 0.54
2937, 0.31
2938, 0.99
2939, 0.00
2940, 0.88
2941, 0.13
2942, 0.49
2943, 0.57
2944, 0.39
2945, 0.00
2946, 0.97
2947, 0.38
2948, 1.00
2949, 1.00
2950, 0.00
2951, 0.28
2952, 0.78
2953, 0.62
2954, 1.00
2955, 0.25
2956, 0.45
2957, 1.00
2958, 0.11
2959, 0.00
2960, 0.45
2961, 0.37
2962, 0.28
2963, 0.46
2964, 0.46
2965, 0.25
2966, 0.39
2967, 0.42
2968, 0.00
2969, 0.72
2970, 0.00
2971, 0.63
2972, 0.00
2973, 1.00
2974, 0.59
2975, 0.00
2976, 0.97
2977, 0.90
2978, 0.23
2979, 0.53
2980, 0.32
2981, 0.45
2982, 0.30
2983, 0.08
2984, 0.21
2985, 0.95
2986, 0.69
2987, 0.00
2988, 0.31
2989, 0.09
2990, 0.49
2991, 0.47
2992, 1.00
2993, 0.30
2994, 0.45
2995, 0.49
2996, 0.04
2997, 0.97
2998, 0.14
2999, 0.93
3000, 0.00
3001, 0.44
3002, 0.56
3003, 1.00
3004, 1.00
3005, 0.88
3006, 0.05
3007, 0.65
3008, 0.21
3009, 0.21
3010, 0.47
3011, 0.35
3012, 0.32
3013, 0.59
3014, 0.52
3015, 0.39
3016, 0.06
3017, 0.88
3018, 0.36
3019, 0.47
3020, 0.61
3021, 0.94
3022, 0.32
3023, 0.19
3024, 0.52
3025, 0.38
3026, 0.33
3027, 0.39
3028, 0.60
3029, 0.05
3030, 0.35
3031, 1.00
3032, 0.53
3033, 0.49
3034, 0.38
3035, 0.68
3036, 0.68
3037, 0.19
3038, 0.28
3039, 0.89
3040, 0.98
3041, 0.00
3042, 0.09
3043, 0.21
3044, 0.81
3045, 0.95
3046, 0.94
3047, 0.02
3048, 0.04
3049, 0.23
3050, 0.00
3051, 0.50
3052, 0.81
3053, 0.04
3054, 0.00
3055, 0.24
3056, 0.14
3057, 0.68
3058, 0.98
3059, 0.13
3060, 0.65
3061, 0.59
3062, 0.13
3063, 0.15
3064, 0.00
3065, 0.52
3066, 0.47
3067, 0.44
3068, 0.36
3069, 0.63
3070, 0.66
3071, 0.22
3072, 0.94
3073, 0.39
3074, 0.20
3075, 0.13
3076, 0.28
3077, 0.00
3078, 0.49
3079, 0.27
3080, 0.67
3081, 1.00
3082, 1.00
3083, 0.17
3084, 0.37
3085, 0.26
3086, 0.46
3087, 0.56
3088, 0.59
3089, 1.00
3090, 0.62
3091, 0.41
3092, 0.00
3093, 0.49
3094, 1.00
3095, 0.52
3096, 0.11
3097, 0.24
3098, 0.55
3099, 0.45
3100, 1.00
3101, 0.99
3102, 0.00
3103, 0.29
3104, 0.00
3105, 0.15
3106, 0.14
3107, 0.53
3108, 0.26
3109, 0.00
3110, 1.00
3111, 0.49
3112, 0.53
3113, 0.99
3114, 0.00
3115, 0.61
3116, 0.10
3117, 0.44
3118, 0.17
3119, 0.58
3120, 0.17
3121, 0.44
3122, 0.13
3123, 0.55
3124, 1.00
3125, 0.41
3126, 0.40
3127, 0.29
3128, 0.00
3129, 0.57
3130, 1.00
3131, 0.24
3132, 0.41
3133, 0.99
3134, 0.73
3135, 0.95
3136, 0.23
3137, 0.35
3138, 0.44
3139, 0.41
3140, 0.33
3141, 0.39
3142, 1.00
3143, 0.54
3144, 0.94
3145, 0.00
3146, 0.28
3147, 0.23
3148, 0.56
3149, 0.37
3150, 0.46
3151, 0.60
3152, 0.62
3153, 0.15
3154, 1.00
3155, 0.11
3156, 0.58
3157, 0.67
3158, 0.52
3159, 1.00
3160, 1.00
3161, 0.10
3162, 0.90
3163, 0.99
3164, 1.00
3165, 0.53
3166, 0.57
3167, 0.00
3168, 0.87
3169, 0.89
3170, 0.70
3171, 0.99
3172, 0.54
3173, 1.00
3174, 0.81
3175, 0.58
3176, 0.54
3177, 0.08
3178, 0.31
3179, 0.00
3180, 0.06
3181, 0.43
3182, 0.75
3183, 0.57
3184, 0.54
3185, 0.16
3186, 0.00
3187, 0.45
3188, 0.23
3189, 0.53
3190, 0.54
3191, 1.00
3192, 0.42
3193, 0.20
3194, 1.00
3195, 0.00
3196, 0.33
3197, 0.38
3198, 0.20
3199, 0.21
3200, 0.58
3201, 0.54
3202, 0.24
3203, 0.67
3204, 1.00
3205, 0.41
3206, 0.48
3207, 1.00
3208, 0.45
3209, 0.32
3210, 0.18
3211, 1.00
3212, 1.00
3213, 0.00
3214, 0.09
3215, 1.00
3216, 0.00
3217, 0.36
3218, 0.96
3219, 0.59
3220, 0.26
3221, 0.55
3222, 1.00
3223, 0.67
3224, 0.38
3225, 0.42
3226, 0.49
3227, 0.51
3228, 0.19
3229, 0.35
3230, 0.22
3231, 0.17
3232, 1.00
3233, 0.38
3234, 0.34
3235, 0.00
3236, 0.47
3237, 0.58
3238, 0.88
3239, 0.94
3240, 0.09
3241, 0.31
3242, 0.13
3243, 0.15
3244, 0.59
3245, 0.29
3246, 0.50
3247, 1.00
3248, 0.54
3249, 0.76
3250, 0.00
3251, 0.48
3252, 1.00
3253, 0.62
3254, 1.00
3255, 0.57
3256, 0.14
3257, 0.51
3258, 1.00
3259, 0.33
3260, 0.00
3261, 0.00
3262, 0.23
3263, 0.89
3264, 0.29
3265, 0.83
3266, 0.64
3267, 0.00
3268, 0.51
3269, 0.92
3270, 0.57
3271, 0.15
3272, 0.29
3273, 0.35
3274, 1.00
3275, 1.00
3276, 0.00
3277, 0.20
3278, 0.49
3279, 1.00
3280, 0.93
3281, 0.08
3282, 0.93
3283, 0.04
3284, 0.50
3285, 0.50
3286, 1.00
3287, 0.56
3288, 0.26
3289, 0.52
3290, 0.00
3291, 1.00
3292, 1.00
3293, 0.75
3294, 0.19
3295, 0.10
3296, 0.36
3297, 0.43
3298, 0.54
3299, 0.27
3300, 0.25
3301, 0.55
3302, 0.18
3303, 0.26
3304, 0.54
3305, 0.00
3306, 0.12
3307, 0.63
3308, 0.36
3309, 0.56
3310, 1.00
3311, 0.30
3312, 0.52
3313, 1.00
3314, 0.96
3315, 0.00
3316, 0.52
3317, 0.44
3318, 0.93
3319, 0.22
3320, 0.99
3321, 0.18
3322, 0.29
3323, 0.58
3324, 0.35
3325, 0.03
3326, 0.13
3327, 0.00
3328, 0.61
3329, 0.00
3330, 0.37
3331, 0.51
3332, 0.32
3333, 0.24
3334, 0.38
3335, 1.00
3336, 0.00
3337, 0.22
3338, 0.00
3339, 0.97
3340, 1.00
3341, 0.82
3342, 1.00
3343, 0.00
3344, 0.30
3345, 0.97
3346, 0.76
3347, 0.58
3348, 0.07
3349, 0.71
3350, 0.04
3351, 0.45
3352, 0.00
3353, 0.05
3354, 0.36
3355, 0.00
3356, 0.45
3357, 0.46
3358, 0.00
3359, 0.40
3360, 0.61
3361, 0.99
3362, 0.40
3363, 0.19
3364, 0.30
3365, 0.57
3366, 0.30
3367, 0.28
3368, 0.08
3369, 0.49
3370, 0.38
3371, 0.00
3372, 0.34
3373, 0.55
3374, 0.97
3375, 0.36
3376, 0.07
3377, 1.00
3378, 0.09
3379, 0.12
3380, 0.19
3381, 0.00
3382, 0.00
3383, 0.16
3384, 0.00
3385, 0.63
3386, 1.00
3387, 0.53
3388, 0.28
3389, 0.43
3390, 0.94
3391, 0.22
3392, 0.54
3393, 0.00
3394, 0.17
3395, 0.38
3396, 1.00
3397, 0.11
3398, 0.28
3399, 0.56
3400, 1.00
3401, 0.50
3402, 0.49
3403, 0.51
3404, 0.53
3405, 0.14
3406, 0.51
3407, 0.52
3408, 0.39
3409, 0.00
3410, 0.47
3411, 0.36
3412, 1.00
3413, 0.91
3414, 1.00
3415, 0.62
3416, 0.00
3417, 1.00
3418, 0.36
3419, 0.00
3420, 0.00
3421, 0.00
3422, 0.97
3423, 0.00
3424, 0.40
3425, 1.00
3426, 0.75
3427, 0.49
3428, 0.36
3429, 0.98
3430, 0.43
3431, 1.00
3432, 0.00
3433, 0.47
3434, 0.33
3435, 0.20
3436, 0.48
3437, 1.00
3438, 0.00
3439, 0.00
3440, 0.00
3441, 0.30
3442, 0.00
3443, 0.12
3444, 0.11
3445, 0.43
3446, 0.53
3447, 0.92
3448, 0.48
3449, 0.99
3450, 0.00
3451, 0.60
3452, 0.58
3453, 0.43
3454, 1.00
3455, 0.00
3456, 0.00
3457, 1.00
3458, 0.54
3459, 0.45
3460, 0.54
3461, 0.00
3462, 0.99
3463, 1.00
3464, 0.00
3465, 0.00
3466, 0.24
3467, 0.10
3468, 0.00
3469, 0.47
3470, 0.00
3471, 0.47
3472, 0.21
3473, 0.14
3474, 0.44
3475, 0.96
3476, 0.60
3477, 0.13
3478, 0.57
3479, 0.64
3480, 0.47
3481, 0.09
3482, 0.10
3483, 0.63
3484, 0.00
3485, 1.00
3486, 0.59
3487, 0.46
3488, 0.21
3489, 0.48
3490, 0.96
3491, 0.34
3492, 1.00
3493, 0.41
3494, 0.25
3495, 0.27
3496, 0.00
3497, 0.37
3498, 0.35
3499, 0.40
3500, 0.00
3501, 0.30
3502, 0.37
3503, 0.07
3504, 0.01
3505, 0.73
3506, 0.00
3507, 0.14
3508, 0.47
3509, 0.53
3510, 0.49
3511, 0.47
3512, 0.17
3513, 0.64
3514, 0.69
3515, 0.05
3516, 1.00
3517, 0.36
3518, 0.00
3519, 0.32
3520, 0.55
3521, 0.68
3522, 0.00
3523, 0.30
3524, 0.29
3525, 1.00
3526, 0.22
3527, 0.19
3528, 1.00
3529, 0.16
3530, 0.29
3531, 0.27
3532, 0.37
3533, 0.63
3534, 0.15
3535, 0.42
3536, 0.13
3537, 0.53
3538, 0.34
3539, 0.46
3540, 0.49
3541, 1.00
3542, 0.00
3543, 0.45
3544, 0.00
3545, 0.16
3546, 0.61
3547, 0.51
3548, 0.26
3549, 0.19
3550, 0.32
3551, 0.55
3552, 0.40
3553, 0.42
3554, 1.00
3555, 0.31
3556, 0.42
3557, 0.07
3558, 0.51
3559, 0.43
3560, 0.00
3561, 1.00
3562, 0.81
3563, 0.00
3564, 0.00
3565, 0.00
3566, 0.42
3567, 0.29
3568, 0.00
3569, 1.00
3570, 0.28
3571, 0.87
3572, 0.00
3573, 0.57
3574, 1.00
3575, 0.14
3576, 0.11
3577, 0.34
3578, 0.21
3579, 0.00
3580, 0.27
3581, 0.98
3582, 0.11
3583, 0.89
3584, 0.62
3585, 0.99
3586, 1.00
3587, 0.00
3588, 0.40
3589, 0.60
3590, 0.09
3591, 0.51
3592, 0.63
3593, 0.43
3594, 0.00
3595, 1.00
3596, 0.00
3597, 0.00
3598, 0.29
3599, 0.57
3600, 0.00
3601, 0.02
3602, 0.00
3603, 1.00
3604, 0.23
3605, 0.21
3606, 0.63
3607, 0.00
3608, 0.21
3609, 0.72
3610, 0.01
3611, 0.70
3612, 0.64
3613, 0.08
3614, 0.43
3615, 0.00
3616, 1.00
3617, 0.44
3618, 0.93
3619, 0.00
3620, 0.33
3621, 0.00
3622, 0.23
3623, 1.00
3624, 0.17
3625, 1.00
3626, 0.44
3627, 0.99
3628, 0.21
3629, 0.26
3630, 0.28
3631, 1.00
3632, 0.62
3633, 0.00
3634, 0.35
3635, 0.54
3636, 0.76
3637, 0.31
3638, 0.63
3639, 0.05
3640, 0.40
3641, 0.12
3642, 0.70
3643, 1.00
3644, 1.00
3645, 0.33
3646, 1.00
3647, 0.49
3648, 0.48
3649, 0.54
3650, 0.00
3651, 0.39
3652, 0.31
3653, 1.00
3654, 0.48
3655, 1.00
3656, 0.00
3657, 0.00
3658, 0.09
3659, 0.53
3660, 1.00
3661, 0.45
3662, 0.45
3663, 0.81
3664, 0.47
3665, 0.32
3666, 0.99
3667, 0.55
3668, 0.44
3669, 0.23
3670, 0.12
3671, 0.36
3672, 0.35
3673, 0.48
3674, 0.47
3675, 0.97
3676, 0.00
3677, 0.60
3678, 0.51
3679, 0.90
3680, 0.32
3681, 0.48
3682, 0.00
3683, 0.41
3684, 0.93
3685, 0.79
3686, 0.35
3687, 0.21
3688, 0.39
3689, 0.42
3690, 0.00
3691, 0.00
3692, 0.36
3693, 0.14
3694, 1.00
3695, 0.75
3696, 0.47
3697, 0.59
3698, 0.46
3699, 0.00
3700, 1.00
3701, 0.36
3702, 0.44
3703, 0.15
3704, 0.49
3705, 1.00
3706, 0.45
3707, 0.54
3708, 0.27
3709, 0.22
3710, 0.00
3711, 0.63
3712, 0.14
3713, 0.25
3714, 0.43
3715, 0.59
3716, 0.26
3717, 1.00
3718, 0.00
3719, 0.30
3720, 0.00
3721, 1.00
3722, 0.82
3723, 0.62
3724, 0.96
3725, 0.12
3726, 0.00
3727, 1.00
3728, 0.55
3729, 0.53
3730, 0.73
3731, 0.46
3732, 0.62
3733, 0.37
3734, 0.99
3735, 0.43
3736, 0.52
3737, 0.53
3738, 0.22
3739, 0.65
3740, 0.41
3741, 0.16
3742, 0.14
3743, 0.44
3744, 0.26
3745, 1.00
3746, 0.66
3747, 1.00
3748, 0.14
3749, 0.67
3750, 0.27
3751, 0.17
3752, 0.70
3753, 0.70
3754, 1.00
3755, 0.53
3756, 0.15
3757, 0.54
3758, 1.00
3759, 0.09
3760, 0.00
3761, 0.00
3762, 0.99
3763, 0.99
3764, 0.00
3765, 0.68
3766, 0.24
3767, 0.09
3768, 0.07
3769, 1.00
3770, 0.25
3771, 0.25
3772, 0.49
3773, 0.55
3774, 0.46
3775, 0.45
3776, 0.40
3777, 0.00
3778, 0.15
3779, 0.57
3780, 0.45
3781, 0.99
3782, 0.93
3783, 0.46
3784, 0.19
3785, 0.48
3786, 0.99
3787, 0.58
3788, 0.48
3789, 0.19
3790, 0.21
3791, 0.22
3792, 0.31
3793, 0.45
3794, 0.28
3795, 0.40
3796, 0.62
3797, 0.36
3798, 1.00
3799, 0.17
3800, 1.00
3801, 0.07
3802, 0.29
3803, 0.99
3804, 0.61
3805, 0.17
3806, 0.14
3807, 0.55
3808, 0.58
3809, 0.35
3810, 0.00
3811, 0.32
3812, 0.00
3813, 0.22
3814, 0.47
3815, 1.00
3816, 0.00
3817, 0.07
3818, 0.00
3819, 0.16
3820, 0.17
3821, 0.26
3822, 0.18
3823, 0.66
3824, 0.19
3825, 0.00
3826, 0.21
3827, 0.36
3828, 1.00
3829, 0.09
3830, 0.14
3831, 0.37
3832, 0.01
3833, 0.99
3834, 0.97
3835, 0.00
3836, 1.00
3837, 0.50
3838, 0.00
3839, 0.24
3840, 0.00
3841, 0.00
3842, 0.44
3843, 1.00
3844, 0.00
3845, 0.03
3846, 0.19
3847, 0.60
3848, 0.21
3849, 0.92
3850, 0.82
3851, 0.23
3852, 0.44
3853, 0.50
3854, 0.19
3855, 1.00
3856, 0.49
3857, 1.00
3858, 0.98
3859, 0.40
3860, 0.48
3861, 1.00
3862, 0.00
3863, 0.93
3864, 0.00
3865, 0.37
3866, 0.47
3867, 0.75
3868, 0.00
3869, 0.34
3870, 0.54
3871, 0.28
3872, 0.43
3873, 1.00
3874, 0.41
3875, 1.00
3876, 0.33
3877, 0.29
3878, 0.48
3879, 0.16
3880, 0.63
3881, 0.26
3882, 0.50
3883, 0.35
3884, 0.47
3885, 0.13
3886, 0.00
3887, 0.00
3888, 0.38
3889, 0.67
3890, 0.88
3891, 0.48
3892, 0.00
3893, 0.00
3894, 0.16
3895, 0.49
3896, 0.41
3897, 0.39
3898, 0.58
3899, 0.22
3900, 0.36
3901, 0.70
3902, 0.57
3903, 0.19
3904, 1.00
3905, 0.61
3906, 0.24
3907, 0.80
3908, 1.00
3909, 0.58
3910, 0.27
3911, 0.08
3912, 0.16
3913, 0.39
3914, 0.23
3915, 0.47
3916, 0.00
3917, 0.10
3918, 0.53
3919, 0.44
3920, 0.51
3921, 0.28
3922, 0.35
3923, 0.31
3924, 1.00
3925, 0.35
3926, 0.13
3927, 0.36
3928, 1.00
3929, 1.00
3930, 0.26
3931, 0.56
3932, 0.97
3933, 0.17
3934, 0.30
3935, 0.93
3936, 0.58
3937, 0.47
3938, 0.38
3939, 0.41
3940, 0.99
3941, 0.54
3942, 0.21
3943, 0.44
3944, 1.00
3945, 0.34
3946, 0.21
3947, 0.29
3948, 0.00
3949, 1.00
3950, 0.54
3951, 0.61
3952, 1.00
3953, 0.18
3954, 0.89
3955, 0.00
3956, 0.14
3957, 0.37
3958, 0.36
3959, 1.00
3960, 0.00
3961, 0.69
3962, 0.36
3963, 0.70
3964, 0.99
3965, 1.00
3966, 0.32
3967, 0.49
3968, 0.23
3969, 0.27
3970, 0.31
3971, 0.16
3972, 0.89
3973, 0.27
3974, 0.22
3975, 0.16
3976, 0.55
3977, 0.40
3978, 1.00
3979, 0.14
3980, 0.16
3981, 0.20
3982, 0.29
3983, 1.00
3984, 0.49
3985, 0.96
3986, 0.07
3987, 0.00
3988, 1.00
3989, 0.41
3990, 0.15
3991, 0.30
3992, 0.54
3993, 0.40
3994, 0.58
3995, 0.33
3996, 0.00
3997, 0.27
3998, 0.46
3999, 0.19
4000, 0.43
4001, 0.28
4002, 0.22
4003, 1.00
4004, 0.45
4005, 0.66
4006, 0.04
4007, 0.51
4008, 0.61
4009, 0.51
4010, 0.22
4011, 1.00
4012, 0.37
4013, 0.69
4014, 0.10
4015, 0.49
4016, 0.00
4017, 0.00
4018, 0.46
4019, 0.51
4020, 0.53
4021, 0.40
4022, 0.96
4023, 0.93
4024, 0.35
4025, 0.58
4026, 0.50
4027, 0.45
4028, 0.97
4029, 1.00
4030, 0.47
4031, 0.00
4032, 0.44
4033, 0.44
4034, 0.47
4035, 0.33
4036, 0.69
4037, 0.17
4038, 0.59
4039, 1.00
4040, 0.94
4041, 0.85
4042, 0.25
4043, 0.75
4044, 0.44
4045, 0.31
4046, 0.99
4047, 0.15
4048, 0.40
4049, 0.40
4050, 0.58
4051, 0.53
4052, 0.25
4053, 0.05
4054, 0.49
4055, 0.49
4056, 0.49
4057, 0.84
4058, 1.00
4059, 0.41
4060, 0.50
4061, 0.03
4062, 0.13
4063, 0.11
4064, 0.30
4065, 0.52
4066, 1.00
4067, 0.49
4068, 1.00
4069, 0.97
4070, 0.00
4071, 1.00
4072, 0.27
4073, 1.00
4074, 0.38
4075, 0.61
4076, 0.16
4077, 0.44
4078, 1.00
4079, 0.37
4080, 0.32
4081, 0.70
4082, 0.23
4083, 0.56
4084, 0.73
4085, 0.55
4086, 0.24
4087, 1.00
4088, 0.05
4089, 0.64
4090, 1.00
4091, 1.00
4092, 1.00
4093, 0.86
4094, 0.56
4095, 0.16
4096, 0.53
4097, 0.21
4098, 0.00
4099, 0.12
4100, 0.00
4101, 0.00
4102, 0.67
4103, 0.28
4104, 0.00
4105, 0.13
4106, 0.68
4107, 0.39
4108, 1.00
4109, 0.00
4110, 1.00
4111, 1.00
4112, 1.00
4113, 0.53
4114, 0.36
4115, 0.54
4116, 0.23
4117, 0.42
4118, 0.24
4119, 0.21
4120, 0.85
4121, 0.53
4122, 0.52
4123, 0.00
4124, 0.91
4125, 0.33
4126, 0.12
4127, 0.00
4128, 0.43
4129, 0.96
4130, 0.56
4131, 0.38
4132, 0.55
4133, 1.00
4134, 0.55
4135, 0.33
4136, 0.60
4137, 0.60
4138, 0.80
4139, 0.61
4140, 0.26
4141, 1.00
4142, 0.00
4143, 0.34
4144, 0.00
4145, 0.53
4146, 1.00
4147, 0.47
4148, 0.41
4149, 0.00
4150, 0.77
4151, 0.55
4152, 0.36
4153, 0.58
4154, 0.55
4155, 1.00
4156, 0.05
4157, 0.96
4158, 0.49
4159, 0.50
4160, 0.11
4161, 0.01
4162, 0.00
4163, 0.40
4164, 0.25
4165, 1.00
4166, 0.93
4167, 0.07
4168, 0.29
4169, 0.52
4170, 0.53
4171, 0.32
4172, 0.49
4173, 0.55
4174, 0.00
4175, 0.00
4176, 1.00
4177, 1.00
4178, 0.46
4179, 1.00
4180, 0.88
4181, 0.17
4182, 0.43
4183, 0.48
4184, 0.35
4185, 0.47
4186, 0.67
4187, 0.42
4188, 1.00
4189, 0.60
4190, 0.15
4191, 0.95
4192, 0.32
4193, 1.00
4194, 0.90
4195, 0.26
4196, 0.33
4197, 0.16
4198, 0.46
4199, 0.47
4200, 0.60
4201, 0.00
4202, 0.46
4203, 0.40
4204, 0.21
4205, 0.00
4206, 0.50
4207, 0.00
4208, 0.97
4209, 0.00
4210, 0.31
4211, 0.21
4212, 0.23
4213, 1.00
4214, 0.40
4215, 0.99
4216, 1.00
4217, 0.00
4218, 0.49
4219, 1.00
4220, 0.15
4221, 0.56
4222, 0.45
4223, 0.01
4224, 0.20
4225, 0.17
4226, 0.01
4227, 0.28
4228, 0.27
4229, 0.37
4230, 0.37
4231, 0.51
4232, 0.99
4233, 0.58
4234, 0.50
4235, 0.38
4236, 0.48
4237, 0.83
4238, 0.16
4239, 1.00
4240, 0.53
4241, 0.62
4242, 1.00
4243, 0.47
4244, 0.46
4245, 0.12
4246, 0.00
4247, 1.00
4248, 0.88
4249, 0.49
4250, 0.00
4251, 0.67
4252, 0.99
4253, 0.28
4254, 0.95
4255, 0.49
4256, 0.89
4257, 0.00
4258, 0.40
4259, 0.19
4260, 1.00
4261, 1.00
4262, 0.57
4263, 0.16
4264, 0.26
4265, 0.16
4266, 1.00
4267, 0.22
4268, 1.00
4269, 0.40
4270, 0.45
4271, 0.00
4272, 0.00
4273, 0.24
4274, 0.19
4275, 0.66
4276, 0.67
4277, 0.00
4278, 0.14
4279, 0.39
4280, 0.29
4281, 0.12
4282, 1.00
4283, 0.17
4284, 0.32
4285, 1.00
4286, 0.26
4287, 0.20
4288, 0.62
4289, 0.28
4290, 0.14
4291, 0.20
4292, 0.39
4293, 0.53
4294, 0.63
4295, 0.82
4296, 0.86
4297, 0.19
4298, 0.00
4299, 0.19
4300, 0.19
4301, 0.39
4302, 0.36
4303, 0.36
4304, 0.55
4305, 1.00
4306, 0.97
4307, 0.39
4308, 0.00
4309, 0.17
4310, 0.45
4311, 0.19
4312, 0.19
4313, 0.44
4314, 0.14
4315, 0.62
4316, 0.25
4317, 0.02
4318, 0.38
4319, 0.00
4320, 0.91
4321, 1.00
4322, 0.48
4323, 1.00
4324, 0.22
4325, 0.34
4326, 0.10
4327, 0.28
4328, 0.57
4329, 0.93
4330, 0.24
4331, 0.00
4332, 1.00
4333, 1.00
4334, 0.45
4335, 0.30
4336, 0.24
4337, 0.00
4338, 0.98
4339, 1.00
4340, 0.99
4341, 0.49
4342, 0.55
4343, 0.08
4344, 0.41
4345, 0.48
4346, 0.37
4347, 0.15
4348, 0.02
4349, 0.23
4350, 0.61
4351, 0.48
4352, 0.02
4353, 1.00
4354, 0.10
4355, 0.46
4356, 0.07
4357, 0.57
4358, 0.11
4359, 0.41
4360, 0.47
4361, 0.37
4362, 0.57
4363, 1.00
4364, 0.06
4365, 1.00
4366, 0.21
4367, 1.00
4368, 1.00
4369, 0.57
4370, 0.47
4371, 0.18
4372, 0.40
4373, 0.00
4374, 0.47
4375, 0.09
4376, 0.53
4377, 0.35
4378, 0.24
4379, 0.51
4380, 0.92
4381, 0.52
4382, 0.33
4383, 0.99
4384, 0.49
4385, 0.33
4386, 0.61
4387, 0.97
4388, 1.00
4389, 0.61
4390, 0.01
4391, 0.11
4392, 0.32
4393, 0.00
4394, 0.99
4395, 0.66
4396, 0.49
4397, 0.64
4398, 0.22
4399, 0.20
4400, 1.00
4401, 0.12
4402, 0.37
4403, 0.20
4404, 0.44
4405, 0.36
4406, 0.35
4407, 0.00
4408, 1.00
4409, 0.00
4410, 0.64
4411, 0.79
4412, 0.52
4413, 0.55
4414, 0.04
4415, 0.00
4416, 0.44
4417, 0.49
4418, 0.00
4419, 0.53
4420, 0.64
4421, 0.00
4422, 0.29
4423, 0.55
4424, 1.00
4425, 0.46
4426, 0.07
4427, 0.19
4428, 0.00
4429, 0.96
4430, 0.38
4431, 0.13
4432, 0.90
4433, 0.66
4434, 0.42
4435, 0.39
4436, 0.94
4437, 0.41
4438, 0.38
4439, 1.00
4440, 1.00
4441, 0.18
4442, 0.36
4443, 0.42
4444, 0.00
4445, 0.11
4446, 0.54
4447, 1.00
4448, 0.67
4449, 0.49
4450, 0.49
4451, 0.16
4452, 0.85
4453, 0.72
4454, 0.29
4455, 0.12
4456, 0.16
4457, 0.49
4458, 1.00
4459, 0.44
4460, 0.17
4461, 0.29
4462, 0.01
4463, 0.22
4464, 0.00
4465, 0.29
4466, 0.11
4467, 0.07
4468, 0.49
4469, 0.99
4470, 0.99
4471, 0.05
4472, 0.08
4473, 0.35
4474, 0.11
4475, 0.54
4476, 1.00
4477, 0.19
4478, 1.00
4479, 0.39
4480, 0.73
4481, 0.93
4482, 0.42
4483, 0.35
4484, 0.36
4485, 0.00
4486, 0.42
4487, 0.51
4488, 0.57
4489, 0.54
4490, 0.00
4491, 0.50
4492, 0.19
4493, 0.44
4494, 0.32
4495, 1.00
4496, 0.40
4497, 0.52
4498, 1.00
4499, 0.45
4500, 0.00
4501, 1.00
4502, 1.00
4503, 0.35
4504, 0.82
4505, 0.85
4506, 0.16
4507, 0.49
4508, 0.52
4509, 0.39
4510, 0.25
4511, 0.53
4512, 0.90
4513, 0.17
4514, 1.00
4515, 0.43
4516, 0.54
4517, 0.95
4518, 0.48
4519, 0.56
4520, 0.22
4521, 0.00
4522, 0.42
4523, 1.00
4524, 0.31
4525, 0.00
4526, 0.03
4527, 1.00
4528, 0.70
4529, 0.44
4530, 0.21
4531, 0.56
4532, 0.33
4533, 0.24
4534, 1.00
4535, 0.49
4536, 0.31
4537, 1.00
4538, 0.28
4539, 0.00
4540, 0.53
4541, 0.65
4542, 0.00
4543, 0.25
4544, 0.12
4545, 1.00
4546, 0.20
4547, 0.29
4548, 0.59
4549, 0.21
4550, 0.41
4551, 0.09
4552, 0.23
4553, 1.00
4554, 0.52
4555, 0.59
4556, 0.63
4557, 0.34
4558, 0.43
4559, 0.71
4560, 0.38
4561, 0.70
4562, 0.62
4563, 1.00
4564, 1.00
4565, 0.56
4566, 0.37
4567, 0.49
4568, 0.35
4569, 0.99
4570, 0.00
4571, 0.25
4572, 0.25
4573, 0.55
4574, 0.11
4575, 1.00
4576, 1.00
4577, 0.30
4578, 0.16
4579, 0.51
4580, 0.00
4581, 1.00
4582, 1.00
4583, 0.72
4584, 0.51
4585, 1.00
4586, 0.15
4587, 1.00
4588, 0.99
4589, 0.20
4590, 0.01
4591, 0.18
4592, 0.83
4593, 0.07
4594, 0.16
4595, 1.00
4596, 0.42
4597, 0.37
4598, 0.31
4599, 0.45
4600, 0.22
4601, 0.00
4602, 0.56
4603, 0.19
4604, 0.51
4605, 0.50
4606, 0.33
4607, 0.00
4608, 0.44
4609, 0.24
4610, 0.00
4611, 0.61
4612, 0.70
4613, 0.00
4614, 0.38
4615, 0.00
4616, 0.32
4617, 0.99
4618, 1.00
4619, 0.00
4620, 0.40
4621, 0.21
4622, 1.00
4623, 1.00
4624, 0.44
4625, 0.45
4626, 1.00
4627, 0.00
4628, 0.00
4629, 1.00
4630, 0.42
4631, 0.27
4632, 0.51
4633, 0.39
4634, 0.57
4635, 0.19
4636, 1.00
4637, 0.90
4638, 0.47
4639, 1.00
4640, 1.00
4641, 0.13
4642, 0.00
4643, 0.98
4644, 0.48
4645, 0.07
4646, 0.28
4647, 0.30
4648, 0.90
4649, 0.60
4650, 0.00
4651, 0.61
4652, 0.38
4653, 0.09
4654, 0.85
4655, 0.33
4656, 1.00
4657, 0.15
4658, 0.19
4659, 0.00
4660, 0.59
4661, 0.45
4662, 0.89
4663, 0.00
4664, 1.00
4665, 0.50
4666, 0.54
4667, 1.00
4668, 0.40
4669, 0.81
4670, 0.31
4671, 0.16
4672, 1.00
4673, 0.02
4674, 1.00
4675, 0.48
4676, 0.00
4677, 0.52
4678, 0.01
4679, 0.02
4680, 0.50
4681, 0.99
4682, 1.00
4683, 1.00
4684, 1.00
4685, 0.99
4686, 0.00
4687, 0.14
4688, 0.41
4689, 0.53
4690, 1.00
4691, 0.41
4692, 0.66
4693, 0.94
4694, 0.26
4695, 0.61
4696, 0.00
4697, 0.13
4698, 0.00
4699, 0.38
4700, 0.96
4701, 1.00
4702, 0.35
4703, 0.61
4704, 0.11
4705, 0.41
4706, 0.63
4707, 0.92
4708, 1.00
4709, 0.99
4710, 0.38
4711, 0.47
4712, 0.00
4713, 0.70
4714, 0.17
4715, 0.19
4716, 0.97
4717, 0.18
4718, 1.00
4719, 1.00
4720, 0.28
4721, 0.78
4722, 0.49
4723, 0.61
4724, 0.22
4725, 0.00
4726, 0.08
4727, 0.39
4728, 0.61
4729, 0.09
4730, 0.34
4731, 0.38
4732, 0.15
4733, 0.44
4734, 0.49
4735, 0.50
4736, 0.20
4737, 0.32
4738, 0.97
4739, 0.60
4740, 0.10
4741, 0.29
4742, 0.41
4743, 0.99
4744, 0.91
4745, 0.18
4746, 0.91
4747, 0.92
4748, 0.33
4749, 1.00
4750, 0.39
4751, 0.22
4752, 0.34
4753, 0.19
4754, 0.91
4755, 1.00
4756, 0.44
4757, 0.65
4758, 0.99
4759, 0.47
4760, 0.49
4761, 0.08
4762, 1.00
4763, 0.00
4764, 0.00
4765, 0.24
4766, 0.08
4767, 0.38
4768, 0.54
4769, 0.49
4770, 0.54
4771, 1.00
4772, 0.34
4773, 0.43
4774, 0.65
4775, 0.49
4776, 0.44
4777, 0.12
4778, 0.34
4779, 0.52
4780, 0.65
4781, 1.00
4782, 0.30
4783, 1.00
4784, 0.99
4785, 1.00
4786, 1.00
4787, 1.00
4788, 0.13
4789, 0.27
4790, 0.38
4791, 0.67
4792, 0.65
4793, 0.15
4794, 0.00
4795, 1.00
4796, 1.00
4797, 0.59
4798, 0.25
4799, 0.48
4800, 0.17
4801, 0.14
4802, 0.00
4803, 0.11
4804, 0.62
4805, 0.39
4806, 0.66
4807, 0.21
4808, 0.59
4809, 0.33
4810, 0.52
4811, 0.46
4812, 0.22
4813, 0.35
4814, 0.00
4815, 0.57
4816, 0.39
4817, 0.49
4818, 0.29
4819, 0.26
4820, 1.00
4821, 0.19
4822, 0.00
4823, 0.03
4824, 0.78
4825, 0.00
4826, 0.18
4827, 0.38
4828, 0.18
4829, 1.00
4830, 0.57
4831, 0.35
4832, 0.00
4833, 1.00
4834, 0.11
4835, 0.18
4836, 1.00
4837, 0.00
4838, 0.10
4839, 0.00
4840, 0.29
4841, 0.33
4842, 0.19
4843, 0.42
4844, 0.51
4845, 0.43
4846, 1.00
4847, 0.19
4848, 1.00
4849, 0.19
4850, 0.90
4851, 0.00
4852, 0.96
4853, 0.26
4854, 0.00
4855, 0.10
4856, 0.00
4857, 0.57
4858, 0.60
4859, 0.17
4860, 0.98
4861, 0.02
4862, 0.60
4863, 0.58
4864, 0.99
4865, 0.00
4866, 1.00
4867, 0.28
4868, 0.00
4869, 0.51
4870, 0.24
4871, 1.00
4872, 0.50
4873, 0.93
4874, 0.36
4875, 0.35
4876, 0.38
4877, 1.00
4878, 0.58
4879, 0.32
4880, 0.99
4881, 0.55
4882, 1.00
4883, 1.00
4884, 0.09
4885, 0.05
4886, 0.65
4887, 0.57
4888, 0.13
4889, 0.56
4890, 0.40
4891, 0.49
4892, 0.00
4893, 0.00
4894, 0.00
4895, 0.49
4896, 0.39
4897, 0.41
4898, 0.00
4899, 0.42
4900, 0.58
4901, 0.33
4902, 0.57
4903, 0.37
4904, 0.43
4905, 0.41
4906, 1.00
4907, 0.45
4908, 0.00
4909, 0.62
4910, 0.46
4911, 0.69
4912, 1.00
4913, 0.28
4914, 0.42
4915, 1.00
4916, 1.00
4917, 0.30
4918, 0.46
4919, 0.11
4920, 0.04
4921, 0.17
4922, 0.00
4923, 1.00
4924, 0.66
4925, 0.59
4926, 0.07
4927, 0.99
4928, 0.93
4929, 1.00
4930, 1.00
4931, 0.47
4932, 0.33
4933, 0.86
4934, 0.11
4935, 0.28
4936, 0.23
4937, 0.96
4938, 0.71
4939, 0.99
4940, 0.23
4941, 0.60
4942, 0.32
4943, 0.44
4944, 1.00
4945, 0.26
4946, 0.99
4947, 0.32
4948, 0.00
4949, 0.36
4950, 0.50
4951, 0.45
4952, 0.63
4953, 0.57
4954, 0.53
4955, 0.25
4956, 0.80
4957, 0.58
4958, 0.28
4959, 0.15
4960, 0.33
4961, 1.00
4962, 0.02
4963, 0.09
4964, 0.48
4965, 0.93
4966, 0.53
4967, 0.42
4968, 0.41
4969, 1.00
4970, 0.10
4971, 0.54
4972, 0.09
4973, 0.26
4974, 0.51
4975, 0.38
4976, 0.22
4977, 0.51
4978, 0.14
4979, 0.23
4980, 0.31
4981, 0.11
4982, 0.26
4983, 0.97
4984, 0.32
4985, 0.64
4986, 0.53
4987, 0.41
4988, 1.00
4989, 0.48
4990, 0.00
4991, 0.99
4992, 0.00
4993, 0.93
4994, 0.22
4995, 0.69
4996, 0.10
4997, 0.17
4998, 0.07
4999, 0.67
5000, 1.00
5001, 0.00
5002, 0.62
5003, 0.67
5004, 0.00
5005, 0.09
5006, 0.67
5007, 0.08
5008, 0.47
5009, 0.14
5010, 0.58
5011, 0.00
5012, 0.37
5013, 0.33
5014, 1.00
5015, 0.11
5016, 0.38
5017, 0.30
5018, 1.00
5019, 0.63
5020, 0.99
5021, 0.00
5022, 0.99
5023, 1.00
5024, 0.92
5025, 0.53
5026, 0.30
5027, 0.93
5028, 0.27
5029, 0.00
5030, 0.12
5031, 0.29
5032, 0.23
5033, 0.95
5034, 0.03
5035, 0.29
5036, 0.48
5037, 0.48
5038, 0.64
5039, 0.14
5040, 0.67
5041, 0.30
5042, 1.00
5043, 0.00
5044, 0.71
5045, 0.31
5046, 0.99
5047, 0.36
5048, 0.55
5049, 0.28
5050, 0.59
5051, 0.14
5052, 0.22
5053, 1.00
5054, 0.40
5055, 0.60
5056, 0.15
5057, 0.00
5058, 0.17
5059, 1.00
5060, 1.00
5061, 0.11
5062, 0.75
5063, 0.67
5064, 0.42
5065, 0.00
5066, 0.30
5067, 0.57
5068, 0.86
5069, 0.55
5070, 0.68
5071, 0.51
5072, 0.42
5073, 0.99
5074, 0.05
5075, 0.35
5076, 0.42
5077, 0.45
5078, 1.00
5079, 1.00
5080, 0.61
5081, 0.08
5082, 0.11
5083, 0.83
5084, 0.53
5085, 1.00
5086, 0.32
5087, 0.30
5088, 0.92
5089, 1.00
5090, 0.81
5091, 0.24
5092, 0.34
5093, 0.08
5094, 0.00
5095, 0.46
5096, 0.11
5097, 0.16
5098, 0.11
5099, 0.64
5100, 0.93
5101, 0.67
5102, 0.00
5103, 0.63
5104, 0.39
5105, 0.34
5106, 0.31
5107, 0.46
5108, 0.46
5109, 1.00
5110, 0.00
5111, 0.50
5112, 0.03
5113, 0.00
5114, 0.15
5115, 0.38
5116, 0.28
5117, 1.00
5118, 0.50
5119, 0.37
5120, 0.93
5121, 0.55
5122, 0.19
5123, 0.14
5124, 0.27
5125, 1.00
5126, 0.59
5127, 0.00
5128, 0.42
5129, 0.46
5130, 0.33
5131, 0.00
5132, 0.09
5133, 0.68
5134, 0.60
5135, 0.68
5136, 0.15
5137, 0.84
5138, 0.61
5139, 0.10
5140, 1.00
5141, 0.51
5142, 1.00
5143, 0.43
5144, 0.99
5145, 0.98
5146, 0.97
5147, 0.42
5148, 0.44
5149, 0.35
5150, 0.53
5151, 0.33
5152, 0.00
5153, 0.53
5154, 0.00
5155, 0.14
5156, 0.00
5157, 0.89
5158, 0.67
5159, 0.96
5160, 0.02
5161, 0.54
5162, 0.32
5163, 0.30
5164, 0.63
5165, 0.65
5166, 0.33
5167, 0.31
5168, 0.42
5169, 0.43
5170, 0.92
5171, 0.99
5172, 0.14
5173, 0.07
5174, 0.53
5175, 0.00
5176, 1.00
5177, 0.49
5178, 0.75
5179, 0.32
5180, 0.96
5181, 1.00
5182, 0.16
5183, 0.20
5184, 1.00
5185, 1.00
5186, 0.33
5187, 0.09
5188, 0.00
5189, 0.12
5190, 0.55
5191, 0.38
5192, 0.34
5193, 0.35
5194, 0.42
5195, 1.00
5196, 0.28
5197, 0.41
5198, 0.48
5199, 0.49
5200, 1.00
5201, 0.18
5202, 0.23
5203, 0.59
5204, 0.00
5205, 0.57
5206, 0.27
5207, 1.00
5208, 0.49
5209, 0.23
5210, 0.43
5211, 0.32
5212, 0.31
5213, 1.00
5214, 0.26
5215, 0.29
5216, 0.00
5217, 0.37
5218, 0.07
5219, 0.40
5220, 0.50
5221, 0.00
5222, 0.00
5223, 0.33
5224, 0.53
5225, 0.28
5226, 0.35
5227, 0.02
5228, 0.43
5229, 0.00
5230, 0.13
5231, 0.49
5232, 0.94
5233, 0.92
5234, 0.02
5235, 0.99
5236, 0.27
5237, 0.44
5238, 0.10
5239, 0.22
5240, 0.63
5241, 1.00
5242, 0.00
5243, 0.25
5244, 1.00
5245, 0.00
5246, 1.00
5247, 0.99
5248, 0.59
5249, 0.35
5250, 0.55
5251, 0.40
5252, 0.62
5253, 0.00
5254, 0.07
5255, 0.20
5256, 0.68
5257, 0.00
5258, 0.46
5259, 0.66
5260, 0.26
5261, 1.00
5262, 0.47
5263, 0.87
5264, 0.39
5265, 0.32
5266, 0.46
5267, 1.00
5268, 0.00
5269, 0.61
5270, 0.89
5271, 0.42
5272, 1.00
5273, 0.49
5274, 0.58
5275, 0.42
5276, 0.39
5277, 0.20
5278, 0.28
5279, 0.91
5280, 0.41
5281, 1.00
5282, 0.22
5283, 1.00
5284, 0.99
5285, 0.39
5286, 0.00
5287, 0.60
5288, 0.99
5289, 0.95
5290, 0.46
5291, 1.00
5292, 0.27
5293, 0.21
5294, 0.00
5295, 0.00
5296, 0.00
5297, 0.68
5298, 0.44
5299, 1.00
5300, 0.59
5301, 0.57
5302, 0.00
5303, 0.99
5304, 0.46
5305, 0.33
5306, 0.27
5307, 0.44
5308, 1.00
5309, 0.50
5310, 0.23
5311, 0.09
5312, 0.34
5313, 0.27
5314, 0.99
5315, 1.00
5316, 0.39
5317, 0.00
5318, 0.28
5319, 1.00
5320, 1.00
5321, 0.41
5322, 0.65
5323, 0.12
5324, 0.39
5325, 0.50
5326, 0.15
5327, 0.88
5328, 0.39
5329, 0.17
5330, 0.28
5331, 0.64
5332, 0.00
5333, 0.18
5334, 0.48
5335, 0.30
5336, 0.29
5337, 0.22
5338, 0.15
5339, 0.00
5340, 0.00
5341, 0.69
5342, 0.26
5343, 0.35
5344, 0.48
5345, 0.43
5346, 0.46
5347, 0.49
5348, 0.46
5349, 0.65
5350, 0.63
5351, 0.99
5352, 0.92
5353, 0.54
5354, 0.16
5355, 1.00
5356, 1.00
5357, 0.44
5358, 0.47
5359, 0.08
5360, 0.27
5361, 0.99
5362, 0.53
5363, 0.24
5364, 0.23
5365, 0.52
5366, 0.49
5367, 1.00
5368, 0.39
5369, 0.30
5370, 1.00
5371, 0.62
5372, 0.00
5373, 0.26
5374, 0.17
5375, 0.99
5376, 0.00
5377, 0.95
5378, 0.99
5379, 0.07
5380, 0.31
5381, 0.00
5382, 0.12
5383, 0.39
5384, 0.48
5385, 0.32
5386, 0.41
5387, 0.15
5388, 0.03
5389, 0.33
5390, 0.19
5391, 0.52
5392, 0.35
5393, 1.00
5394, 0.60
5395, 0.31
5396, 1.00
5397, 0.30
5398, 0.31
5399, 0.33
5400, 0.46
5401, 0.00
5402, 0.52
5403, 0.10
5404, 0.21
5405, 0.00
5406, 0.88
5407, 0.00
5408, 0.49
5409, 0.38
5410, 0.16
5411, 0.00
5412, 1.00
5413, 0.22
5414, 1.00
5415, 0.36
5416, 0.61
5417, 0.00
5418, 0.00
5419, 1.00
5420, 0.21
5421, 0.53
5422, 0.28
5423, 0.99
5424, 0.00
5425, 0.73
5426, 0.64
5427, 0.30
5428, 0.48
5429, 0.49
5430, 0.12
5431, 0.37
5432, 0.99
5433, 0.41
5434, 1.00
5435, 0.28
5436, 0.52
5437, 0.55
5438, 0.47
5439, 0.94
5440, 0.00
5441, 1.00
5442, 0.92
5443, 0.25
5444, 0.44
5445, 0.60
5446, 1.00
5447, 0.86
5448, 0.52
5449, 0.25
5450, 0.14
5451, 0.99
5452, 0.39
5453, 1.00
5454, 0.59
5455, 1.00
5456, 0.60
5457, 1.00
5458, 0.87
5459, 1.00
5460, 0.58
5461, 0.39
5462, 0.17
5463, 0.56
5464, 0.68
5465, 0.49
5466, 0.52
5467, 0.09
5468, 0.25
5469, 0.14
5470, 0.08
5471, 0.32
5472, 0.99
5473, 0.43
5474, 0.41
5475, 0.09
5476, 0.53
5477, 0.66
5478, 0.39
5479, 1.00
5480, 0.18
5481, 0.49
5482, 0.16
5483, 0.48
5484, 0.35
5485, 0.00
5486, 1.00
5487, 1.00
5488, 0.00
5489, 0.29
5490, 1.00
5491, 0.47
5492, 1.00
5493, 0.44
5494, 0.93
5495, 0.85
5496, 1.00
5497, 0.44
5498, 0.56
5499, 0.38
5500, 1.00
5501, 0.51
5502, 0.38
5503, 0.89
5504, 0.52
5505, 0.54
5506, 0.63
5507, 0.95
5508, 0.58
5509, 0.31
5510, 0.99
5511, 0.29
5512, 0.66
5513, 0.54
5514, 1.00
5515, 0.51
5516, 0.47
5517, 0.06
5518, 0.00
5519, 0.94
5520, 1.00
5521, 0.90
5522, 0.07
5523, 0.89
5524, 1.00
5525, 0.52
5526, 0.30
5527, 0.45
5528, 0.00
5529, 0.59
5530, 0.00
5531, 0.00
5532, 0.48
5533, 0.64
5534, 0.26
5535, 0.61
5536, 0.20
5537, 0.97
5538, 1.00
5539, 0.87
5540, 0.00
5541, 0.00
5542, 1.00
5543, 0.99
5544, 1.00
5545, 0.00
5546, 0.50
5547, 0.22
5548, 0.31
5549, 0.22
5550, 0.00
5551, 0.58
5552, 0.21
5553, 0.17
5554, 1.00
5555, 0.90
5556, 0.39
5557, 0.19
5558, 0.49
5559, 0.53
5560, 0.56
5561, 0.00
5562, 0.62
5563, 0.43
5564, 0.55
5565, 0.12
5566, 0.00
5567, 0.00
5568, 0.27
5569, 0.36
5570, 0.14
5571, 0.91
5572, 1.00
5573, 1.00
5574, 0.44
5575, 0.50
5576, 0.99
5577, 0.00
5578, 0.95
5579, 0.00
5580, 0.40
5581, 0.49
5582, 0.19
5583, 0.90
5584, 0.37
5585, 0.71
5586, 0.42
5587, 0.00
5588, 0.91
5589, 0.44
5590, 0.57
5591, 0.68
5592, 0.47
5593, 0.25
5594, 1.00
5595, 0.61
5596, 0.06
5597, 0.04
5598, 0.65
5599, 1.00
5600, 0.58
5601, 0.49
5602, 0.64
5603, 0.54
5604, 0.15
5605, 1.00
5606, 0.00
5607, 0.67
5608, 0.00
5609, 0.17
5610, 0.02
5611, 0.96
5612, 0.97
5613, 0.00
5614, 0.66
5615, 0.00
5616, 0.00
5617, 0.43
5618, 0.49
5619, 0.26
5620, 0.25
5621, 1.00
5622, 0.10
5623, 0.14
5624, 0.51
5625, 0.37
5626, 0.12
5627, 0.54
5628, 0.17
5629, 0.00
5630, 0.48
5631, 0.42
5632, 0.47
5633, 1.00
5634, 0.29
5635, 1.00
5636, 0.00
5637, 0.00
5638, 0.50
5639, 0.28
5640, 0.60
5641, 0.32
5642, 0.76
5643, 0.55
5644, 1.00
5645, 0.00
5646, 0.11
5647, 0.00
5648, 0.12
5649, 0.50
5650, 0.54
5651, 0.23
5652, 0.45
5653, 0.00
5654, 0.00
5655, 0.22
5656, 0.15
5657, 0.32
5658, 1.00
5659, 0.38
5660, 1.00
5661, 0.00
5662, 1.00
5663, 0.44
5664, 0.60
5665, 0.19
5666, 0.61
5667, 0.94
5668, 0.20
5669, 0.49
5670, 0.37
5671, 0.52
5672, 0.94
5673, 0.00
5674, 0.10
5675, 1.00
5676, 0.58
5677, 0.37
5678, 0.50
5679, 0.45
5680, 0.00
5681, 0.00
5682, 0.34
5683, 0.68
5684, 1.00
5685, 0.57
5686, 0.21
5687, 1.00
5688, 1.00
5689, 0.30
5690, 0.00
5691, 0.53
5692, 0.64
5693, 0.51
5694, 0.29
5695, 0.00
5696, 0.00
5697, 0.46
5698, 0.36
5699, 0.30
5700, 0.00
5701, 1.00
5702, 0.15
5703, 1.00
5704, 1.00
5705, 1.00
5706, 0.99
5707, 0.48
5708, 0.30
5709, 0.99
5710, 1.00
5711, 0.08
5712, 0.92
5713, 0.09
5714, 0.58
5715, 0.42
5716, 0.97
5717, 0.26
5718, 0.49
5719, 0.00
5720, 0.69
5721, 0.43
5722, 0.23
5723, 0.35
5724, 0.20
5725, 0.55
5726, 0.42
5727, 0.00
5728, 0.43
5729, 0.16
5730, 0.88
5731, 0.56
5732, 0.20
5733, 1.00
5734, 0.41
5735, 0.52
5736, 1.00
5737, 0.52
5738, 0.41
5739, 1.00
5740, 0.00
5741, 0.31
5742, 0.15
5743, 0.50
5744, 0.00
5745, 0.99
5746, 0.81
5747, 0.92
5748, 0.50
5749, 1.00
5750, 0.41
5751, 1.00
5752, 0.59
5753, 0.15
5754, 0.56
5755, 0.60
5756, 1.00
5757, 0.60
5758, 0.47
5759, 0.49
5760, 0.00
5761, 0.51
5762, 0.47
5763, 0.48
5764, 0.00
5765, 0.19
5766, 0.49
5767, 0.17
5768, 0.00
5769, 1.00
5770, 0.94
5771, 0.17
5772, 0.37
5773, 0.75
5774, 0.64
5775, 0.32
5776, 0.88
5777, 0.52
5778, 0.00
5779, 0.35
5780, 0.48
5781, 0.54
5782, 0.87
5783, 0.45
5784, 0.29
5785, 0.49
5786, 1.00
5787, 0.43
5788, 0.97
5789, 0.00
5790, 1.00
5791, 0.00
5792, 0.17
5793, 0.55
5794, 0.00
5795, 0.07
5796, 0.00
5797, 0.09
5798, 0.60
5799, 0.35
5800, 0.02
5801, 0.00
5802, 0.69
5803, 0.27
5804, 0.99
5805, 1.00
5806, 0.54
5807, 0.26
5808, 0.00
5809, 0.31
5810, 0.94
5811, 0.48
5812, 0.15
5813, 0.62
5814, 0.49
5815, 0.00
5816, 0.55
5817, 0.09
5818, 1.00
5819, 0.91
5820, 0.45
5821, 0.90
5822, 0.99
5823, 0.22
5824, 0.96
5825, 0.75
5826, 1.00
5827, 0.55
5828, 0.18
5829, 0.49
5830, 0.46
5831, 0.46
5832, 0.96
5833, 0.82
5834, 0.52
5835, 0.00
5836, 0.00
5837, 0.93
5838, 0.34
5839, 0.99
5840, 0.00
5841, 0.64
5842, 0.63
5843, 1.00
5844, 0.50
5845, 1.00
5846, 0.64
5847, 0.06
5848, 0.49
5849, 0.12
5850, 0.07
5851, 0.30
5852, 0.41
5853, 0.26
5854, 0.04
5855, 0.42
5856, 0.21
5857, 0.99
5858, 0.29
5859, 0.20
5860, 0.36
5861, 0.00
5862, 0.26
5863, 0.60
5864, 1.00
5865, 0.59
5866, 0.26
5867, 1.00
5868, 0.10
5869, 0.28
5870, 0.00
5871, 0.48
5872, 0.99
5873, 1.00
5874, 0.22
5875, 0.25
5876, 0.00
5877, 1.00
5878, 0.91
5879, 0.29
5880, 0.56
5881, 0.12
5882, 0.00
5883, 1.00
5884, 1.00
5885, 0.48
5886, 0.28
5887, 0.47
5888, 0.00
5889, 0.17
5890, 0.14
5891, 0.08
5892, 0.20
5893, 0.15
5894, 0.70
5895, 0.51
5896, 0.90
5897, 0.91
5898, 0.47
5899, 0.15
5900, 0.41
5901, 0.12
5902, 0.70
5903, 0.57
5904, 0.00
5905, 0.99
5906, 0.47
5907, 0.54
5908, 0.24
5909, 0.11
5910, 1.00
5911, 0.00
5912, 0.36
5913, 1.00
5914, 0.17
5915, 0.02
5916, 0.26
5917, 0.62
5918, 0.04
5919, 0.87
5920, 0.38
5921, 0.31
5922, 0.42
5923, 1.00
5924, 0.00
5925, 0.33
5926, 0.68
5927, 0.00
5928, 0.92
5929, 0.55
5930, 0.49
5931, 0.42
5932, 0.99
5933, 1.00
5934, 0.32
5935, 0.00
5936, 0.00
5937, 0.68
5938, 0.37
5939, 0.16
5940, 0.00
5941, 1.00
5942, 0.19
5943, 0.15
5944, 1.00
5945, 1.00
5946, 0.20
5947, 0.48
5948, 0.31
5949, 0.99
5950, 0.00
5951, 0.55
5952, 0.26
5953, 0.00
5954, 0.71
5955, 0.38
5956, 0.47
5957, 0.00
5958, 0.08
5959, 0.32
5960, 0.36
5961, 0.89
5962, 0.44
5963, 0.99
5964, 0.99
5965, 0.53
5966, 0.99
5967, 0.32
5968, 0.93
5969, 0.00
5970, 0.43
5971, 0.33
5972, 1.00
5973, 0.28
5974, 0.41
5975, 0.48
5976, 0.00
5977, 0.00
5978, 0.51
5979, 0.24
5980, 0.66
5981, 0.58
5982, 0.50
5983, 0.41
5984, 0.13
5985, 0.41
5986, 0.34
5987, 0.34
5988, 1.00
5989, 0.48
5990, 1.00
5991, 1.00
5992, 0.91
5993, 0.39
5994, 0.44
5995, 1.00
5996, 0.26
5997, 0.36
5998, 0.35
5999, 0.45
6000, 1.00
6001, 0.38
6002, 1.00
6003, 0.99
6004, 0.12
6005, 0.90
6006, 0.00
6007, 0.17
6008, 0.53
6009, 0.61
6010, 0.57
6011, 0.53
6012, 0.39
6013, 0.36
6014, 0.57
6015, 0.53
6016, 0.41
6017, 0.60
6018, 0.63
6019, 0.41
6020, 0.52
6021, 0.40
6022, 0.00
6023, 0.44
6024, 0.33
6025, 0.33
6026, 0.17
6027, 1.00
6028, 0.59
6029, 0.27
6030, 0.97
6031, 0.27
6032, 1.00
6033, 0.27
6034, 0.41
6035, 0.22
6036, 1.00
6037, 0.26
6038, 0.49
6039, 0.40
6040, 0.36
6041, 0.07
6042, 0.52
6043, 0.69
6044, 0.65
6045, 0.00
6046, 0.96
6047, 1.00
6048, 0.97
6049, 0.09
6050, 1.00
6051, 0.49
6052, 0.54
6053, 0.91
6054, 0.59
6055, 0.50
6056, 0.88
6057, 0.65
6058, 1.00
6059, 0.61
6060, 0.82
6061, 0.59
6062, 0.43
6063, 0.19
6064, 0.53
6065, 0.60
6066, 0.63
6067, 0.36
6068, 0.59
6069, 0.53
6070, 0.61
6071, 1.00
6072, 0.11
6073, 1.00
6074, 0.49
6075, 0.13
6076, 0.12
6077, 0.55
6078, 0.65
6079, 0.00
6080, 0.23
6081, 0.34
6082, 0.49
6083, 0.95
6084, 0.45
6085, 0.40
6086, 0.28
6087, 0.35
6088, 0.56
6089, 0.37
6090, 0.29
6091, 0.93
6092, 0.00
6093, 0.94
6094, 0.47
6095, 0.00
6096, 0.37
6097, 0.41
6098, 0.51
6099, 0.58
6100, 0.94
6101, 0.48
6102, 0.09
6103, 1.00
6104, 0.00
6105, 0.13
6106, 0.53
6107, 0.38
6108, 0.13
6109, 0.31
6110, 0.32
6111, 0.45
6112, 0.00
6113, 0.45
6114, 0.31
6115, 0.82
6116, 0.44
6117, 0.52
6118, 0.49
6119, 0.50
6120, 0.00
6121, 1.00
6122, 0.00
6123, 0.00
6124, 0.29
6125, 0.91
6126, 0.61
6127, 0.46
6128, 0.33
6129, 0.34
6130, 0.21
6131, 1.00
6132, 0.40
6133, 0.64
6134, 0.08
6135, 0.46
6136, 0.48
6137, 0.54
6138, 0.23
6139, 1.00
6140, 0.55
6141, 1.00
6142, 1.00
6143, 0.32
6144, 0.34
6145, 0.49
6146, 0.61
6147, 0.39
6148, 0.41
6149, 0.16
6150, 0.92
6151, 0.38
6152, 0.48
6153, 0.93
6154, 1.00
6155, 0.03
6156, 0.00
6157, 0.92
6158, 0.18
6159, 0.08
6160, 0.19
6161, 0.00
6162, 0.77
6163, 0.39
6164, 0.49
6165, 0.64
6166, 0.33
6167, 0.25
6168, 0.38
6169, 0.36
6170, 0.48
6171, 1.00
6172, 0.44
6173, 0.96
6174, 0.24
6175, 0.88
6176, 0.47
6177, 0.67
6178, 0.00
6179, 0.93
6180, 0.69
6181, 0.00
6182, 1.00
6183, 0.40
6184, 0.48
6185, 0.38
6186, 0.67
6187, 0.63
6188, 0.50
6189, 1.00
6190, 0.52
6191, 0.52
6192, 0.56
6193, 1.00
6194, 0.00
6195, 0.48
6196, 0.70
6197, 1.00
6198, 0.25
6199, 0.68
6200, 0.81
6201, 0.94
6202, 0.06
6203, 0.00
6204, 1.00
6205, 0.18
6206, 1.00
6207, 0.38
6208, 0.31
6209, 0.00
6210, 0.13
6211, 0.42
6212, 0.30
6213, 0.00
6214, 0.24
6215, 0.38
6216, 0.41
6217, 0.46
6218, 0.00
6219, 1.00
6220, 0.36
6221, 0.11
6222, 0.19
6223, 1.00
6224, 0.49
6225, 0.45
6226, 0.96
6227, 0.53
6228, 0.58
6229, 1.00
6230, 1.00
6231, 0.31
6232, 0.00
6233, 0.94
6234, 1.00
6235, 0.53
6236, 0.56
6237, 0.35
6238, 0.46
6239, 0.75
6240, 0.58
6241, 0.65
6242, 0.60
6243, 0.81
6244, 0.95
6245, 0.22
6246, 0.83
6247, 0.11
6248, 0.58
6249, 0.22
6250, 1.00
6251, 0.26
6252, 0.21
6253, 0.67
6254, 0.07
6255, 0.41
6256, 0.40
6257, 0.32
6258, 0.68
6259, 0.51
6260, 0.75
6261, 0.46
6262, 0.59
6263, 0.42
6264, 0.00
6265, 0.00
6266, 1.00
6267, 0.56
6268, 0.99
6269, 0.36
6270, 0.49
6271, 0.45
6272, 0.07
6273, 0.00
6274, 0.29
6275, 0.35
6276, 0.56
6277, 0.62
6278, 0.38
6279, 0.22
6280, 1.00
6281, 0.01
6282, 0.88
6283, 0.00
6284, 0.67
6285, 0.50
6286, 0.37
6287, 0.62
6288, 0.57
6289, 0.05
6290, 1.00
6291, 0.18
6292, 0.23
6293, 0.32
6294, 0.17
6295, 0.99
6296, 1.00
6297, 0.25
6298, 0.22
6299, 1.00
6300, 0.38
6301, 0.41
6302, 0.10
6303, 0.00
6304, 1.00
6305, 0.69
6306, 0.94
6307, 0.69
6308, 0.12
6309, 0.21
6310, 0.47
6311, 0.00
6312, 0.00
6313, 0.61
6314, 0.06
6315, 0.38
6316, 1.00
6317, 0.39
6318, 0.30
6319, 0.31
6320, 0.99
6321, 0.70
6322, 0.47
6323, 0.81
6324, 1.00
6325, 0.28
6326, 0.18
6327, 0.49
6328, 0.00
6329, 0.36
6330, 0.38
6331, 0.56
6332, 0.46
6333, 0.65
6334, 0.27
6335, 0.95
6336, 0.72
6337, 0.21
6338, 0.47
6339, 0.82
6340, 0.00
6341, 0.48
6342, 0.37
6343, 0.08
6344, 1.00
6345, 0.14
6346, 1.00
6347, 0.31
6348, 1.00
6349, 0.47
6350, 0.16
6351, 0.32
6352, 1.00
6353, 0.39
6354, 0.52
6355, 0.62
6356, 0.42
6357, 1.00
6358, 0.06
6359, 0.95
6360, 1.00
6361, 0.10
6362, 0.62
6363, 1.00
6364, 0.41
6365, 0.45
6366, 0.00
6367, 0.41
6368, 0.00
6369, 1.00
6370, 0.39
6371, 0.99
6372, 0.00
6373, 0.48
6374, 0.41
6375, 0.00
6376, 1.00
6377, 0.44
6378, 0.99
6379, 0.64
6380, 0.33
6381, 0.39
6382, 0.54
6383, 0.57
6384, 0.17
6385, 0.43
6386, 0.28
6387, 0.24
6388, 0.41
6389, 0.53
6390, 0.92
6391, 0.41
6392, 0.14
6393, 0.76
6394, 0.82
6395, 0.24
6396, 1.00
6397, 0.00
6398, 0.44
6399, 0.49
6400, 0.20
6401, 0.32
6402, 0.00
6403, 0.34
6404, 1.00
6405, 0.53
6406, 0.37
6407, 0.99
6408, 0.56
6409, 0.32
6410, 0.40
6411, 0.30
6412, 0.58
6413, 0.08
6414, 0.40
6415, 0.93
6416, 0.48
6417, 0.00
6418, 0.00
6419, 0.41
6420, 0.72
6421, 0.96
6422, 0.01
6423, 0.00
6424, 0.13
6425, 0.50
6426, 1.00
6427, 0.28
6428, 0.23
6429, 0.47
6430, 1.00
6431, 0.00
6432, 0.26
6433, 0.05
6434, 0.19
6435, 0.49
6436, 0.00
6437, 0.59
6438, 0.24
6439, 0.28
6440, 0.27
6441, 0.49
6442, 0.40
6443, 0.28
6444, 0.08
6445, 0.49
6446, 0.43
6447, 0.49
6448, 1.00
6449, 0.41
6450, 0.01
6451, 0.26
6452, 0.51
6453, 0.72
6454, 0.61
6455, 0.20
6456, 1.00
6457, 0.10
6458, 0.17
6459, 0.48
6460, 0.00
6461, 0.37
6462, 0.18
6463, 0.09
6464, 0.48
6465, 0.09
6466, 0.14
6467, 0.99
6468, 1.00
6469, 0.92
6470, 0.15
6471, 0.96
6472, 0.48
6473, 0.33
6474, 0.37
6475, 0.49
6476, 1.00
6477, 0.51
6478, 0.41
6479, 0.15
6480, 0.07
6481, 0.41
6482, 0.45
6483, 0.22
6484, 0.94
6485, 0.42
6486, 0.01
6487, 0.34
6488, 1.00
6489, 0.00
6490, 0.24
6491, 0.26
6492, 0.00
6493, 0.92
6494, 0.32
6495, 0.43
6496, 0.82
6497, 0.57
6498, 0.00
6499, 0.70
6500, 0.53
6501, 0.96
6502, 0.33
6503, 0.23
6504, 0.00
6505, 0.47
6506, 0.39
6507, 0.57
6508, 0.64
6509, 0.14
6510, 0.54
6511, 1.00
6512, 1.00
6513, 0.19
6514, 0.42
6515, 0.53
6516, 0.49
6517, 0.53
6518, 0.51
6519, 0.90
6520, 0.00
6521, 0.68
6522, 0.97
6523, 0.18
6524, 0.94
6525, 0.34
6526, 0.67
6527, 0.94
6528, 1.00
6529, 0.45
6530, 1.00
6531, 0.24
6532, 0.00
6533, 0.38
6534, 0.96
6535, 0.00
6536, 1.00
6537, 0.32
6538, 0.52
6539, 0.83
6540, 0.47
6541, 0.43
6542, 0.18
6543, 1.00
6544, 0.44
6545, 0.12
6546, 0.38
6547, 0.22
6548, 0.62
6549, 1.00
6550, 0.53
6551, 0.64
6552, 0.00
6553, 0.99
6554, 0.17
6555, 0.55
6556, 0.19
6557, 0.45
6558, 0.93
6559, 0.56
6560, 0.00
6561, 0.59
6562, 0.38
6563, 0.36
6564, 0.11
6565, 0.89
6566, 0.00
6567, 1.00
6568, 0.71
6569, 0.00
6570, 0.53
6571, 0.99
6572, 0.53
6573, 0.47
6574, 1.00
6575, 0.35
6576, 0.00
6577, 0.49
6578, 0.84
6579, 0.15
6580, 0.44
6581, 0.26
6582, 0.20
6583, 0.95
6584, 0.54
6585, 0.11
6586, 0.60
6587, 0.01
6588, 0.14
6589, 0.45
6590, 0.11
6591, 0.33
6592, 1.00
6593, 0.42
6594, 0.36
6595, 0.97
6596, 0.61
6597, 0.47
6598, 0.40
6599, 0.21
6600, 0.51
6601, 0.34
6602, 0.22
6603, 0.49
6604, 0.34
6605, 0.00
6606, 0.49
6607, 0.27
6608, 0.37
6609, 0.44
6610, 0.00
6611, 0.00
6612, 0.00
6613, 0.46
6614, 0.66
6615, 0.67
6616, 0.00
6617, 1.00
6618, 0.05
6619, 1.00
6620, 0.10
6621, 0.00
6622, 0.35
6623, 0.13
6624, 0.27
6625, 0.36
6626, 0.46
6627, 0.39
6628, 0.61
6629, 0.92
6630, 1.00
6631, 0.44
6632, 0.53
6633, 0.89
6634, 0.19
6635, 0.99
6636, 0.02
6637, 1.00
6638, 0.17
6639, 1.00
6640, 0.65
6641, 1.00
6642, 0.17
6643, 0.00
6644, 0.49
6645, 0.50
6646, 0.01
6647, 0.24
6648, 0.00
6649, 0.00
6650, 0.00
6651, 0.93
6652, 0.43
6653, 0.49
6654, 0.43
6655, 0.32
6656, 0.11
6657, 0.65
6658, 0.46
6659, 0.42
6660, 1.00
6661, 0.48
6662, 0.35
6663, 0.45
6664, 0.37
6665, 0.68
6666, 0.44
6667, 0.55
6668, 0.92
6669, 0.50
6670, 0.71
6671, 1.00
6672, 0.58
6673, 0.00
6674, 0.55
6675, 0.09
6676, 0.94
6677, 0.47
6678, 0.96
6679, 0.49
6680, 0.00
6681, 0.76
6682, 0.30
6683, 0.07
6684, 0.99
6685, 0.49
6686, 0.30
6687, 0.94
6688, 0.97
6689, 1.00
6690, 0.39
6691, 0.46
6692, 0.99
6693, 0.54
6694, 0.18
6695, 0.00
6696, 1.00
6697, 0.46
6698, 0.43
6699, 0.42
6700, 0.49
6701, 0.94
6702, 0.00
6703, 0.00
6704, 0.64
6705, 0.00
6706, 0.60
6707, 0.45
6708, 0.52
6709, 0.52
6710, 0.00
6711, 0.97
6712, 0.46
6713, 0.36
6714, 0.00
6715, 0.41
6716, 0.40
6717, 0.22
6718, 0.35
6719, 0.31
6720, 0.12
6721, 0.65
6722, 0.49
6723, 1.00
6724, 0.37
6725, 0.17
6726, 0.39
6727, 0.25
6728, 0.00
6729, 1.00
6730, 0.65
6731, 0.37
6732, 1.00
6733, 0.34
6734, 0.55
6735, 0.93
6736, 0.45
6737, 0.41
6738, 0.44
6739, 0.43
6740, 0.65
6741, 0.40
6742, 0.45
6743, 0.00
6744, 1.00
6745, 1.00
6746, 0.80
6747, 0.12
6748, 0.40
6749, 1.00
6750, 0.15
6751, 0.00
6752, 0.87
6753, 0.44
6754, 0.43
6755, 0.00
6756, 0.39
6757, 0.96
6758, 0.35
6759, 0.11
6760, 0.49
6761, 0.00
6762, 0.00
6763, 0.45
6764, 0.81
6765, 0.00
6766, 0.37
6767, 0.60
6768, 0.27
6769, 0.22
6770, 1.00
6771, 0.38
6772, 0.52
6773, 0.00
6774, 0.39
6775, 0.99
6776, 0.43
6777, 0.92
6778, 0.31
6779, 0.34
6780, 0.60
6781, 1.00
6782, 0.34
6783, 0.58
6784, 0.99
6785, 0.20
6786, 0.15
6787, 0.52
6788, 0.40
6789, 1.00
6790, 0.13
6791, 0.49
6792, 1.00
6793, 0.07
6794, 0.15
6795, 0.51
6796, 1.00
6797, 0.31
6798, 1.00
6799, 0.00
6800, 1.00
6801, 1.00
6802, 0.64
6803, 0.38
6804, 0.00
6805, 1.00
6806, 0.56
6807, 0.56
6808, 0.00
6809, 0.02
6810, 0.00
6811, 0.93
6812, 0.31
6813, 0.32
6814, 0.10
6815, 0.51
6816, 0.99
6817, 0.43
6818, 0.32
6819, 0.88
6820, 0.45
6821, 0.99
6822, 0.35
6823, 0.37
6824, 0.19
6825, 0.99
6826, 0.41
6827, 0.00
6828, 0.14
6829, 0.42
6830, 0.11
6831, 1.00
6832, 0.00
6833, 1.00
6834, 0.41
6835, 0.12
6836, 0.31
6837, 0.00
6838, 0.45
6839, 0.21
6840, 0.00
6841, 0.38
6842, 0.32
6843, 0.63
6844, 0.05
6845, 0.27
6846, 0.38
6847, 1.00
6848, 0.14
6849, 0.50
6850, 0.43
6851, 0.00
6852, 0.29
6853, 0.21
6854, 0.91
6855, 0.84
6856, 0.92
6857, 0.16
6858, 0.65
6859, 0.43
6860, 0.41
6861, 1.00
6862, 1.00
6863, 0.93
6864, 0.50
6865, 0.00
6866, 0.88
6867, 0.96
6868, 0.60
6869, 0.59
6870, 0.51
6871, 0.19
6872, 0.59
6873, 1.00
6874, 0.54
6875, 0.47
6876, 0.17
6877, 0.10
6878, 0.00
6879, 0.09
6880, 0.47
6881, 0.59
6882, 0.91
6883, 0.59
6884, 0.79
6885, 0.49
6886, 0.23
6887, 0.33
6888, 0.66
6889, 0.00
6890, 1.00
6891, 0.65
6892, 1.00
6893, 0.44
6894, 1.00
6895, 1.00
6896, 0.00
6897, 1.00
6898, 0.51
6899, 0.58
6900, 1.00
6901, 0.55
6902, 0.31
6903, 0.00
6904, 0.49
6905, 0.90
6906, 0.00
6907, 0.04
6908, 0.29
6909, 0.09
6910, 0.34
6911, 1.00
6912, 0.24
6913, 0.38
6914, 0.28
6915, 0.05
6916, 0.48
6917, 0.56
6918, 0.36
6919, 0.40
6920, 0.27
6921, 0.51
6922, 0.88
6923, 0.00
6924, 0.99
6925, 0.84
6926, 0.74
6927, 0.32
6928, 0.57
6929, 0.21
6930, 0.04
6931, 0.99
6932, 1.00
6933, 0.51
6934, 0.37
6935, 0.70
6936, 1.00
6937, 0.68
6938, 0.32
6939, 0.00
6940, 1.00
6941, 0.59
6942, 0.23
6943, 0.11
6944, 0.30
6945, 0.55
6946, 0.27
6947, 0.25
6948, 0.02
6949, 1.00
6950, 0.37
6951, 0.99
6952, 0.45
6953, 0.29
6954, 0.37
6955, 0.35
6956, 0.00
6957, 0.08
6958, 0.01
6959, 0.52
6960, 0.02
6961, 1.00
6962, 0.00
6963, 0.52
6964, 0.46
6965, 1.00
6966, 0.00
6967, 0.40
6968, 0.45
6969, 0.99
6970, 0.00
6971, 0.06
6972, 0.19
6973, 0.36
6974, 0.97
6975, 0.99
6976, 0.50
6977, 0.00
6978, 0.31
6979, 0.09
6980, 0.64
6981, 0.00
6982, 0.29
6983, 0.99
6984, 0.43
6985, 0.00
6986, 0.41
6987, 0.65
6988, 0.51
6989, 1.00
6990, 0.41
6991, 0.38
6992, 0.07
6993, 0.95
6994, 0.56
6995, 1.00
6996, 0.48
6997, 1.00
6998, 0.44
6999, 0.37
7000, 0.47
7001, 0.96
7002, 0.51
7003, 0.83
7004, 1.00
7005, 0.97
7006, 0.50
7007, 0.19
7008, 0.57
7009, 0.58
7010, 0.65
7011, 0.17
7012, 0.00
7013, 1.00
7014, 0.30
7015, 0.55
7016, 0.27
7017, 0.42
7018, 0.00
7019, 0.45
7020, 0.56
7021, 0.30
7022, 0.00
7023, 0.96
7024, 0.61
7025, 0.33
7026, 0.81
7027, 0.00
7028, 0.19
7029, 0.41
7030, 0.38
7031, 0.49
7032, 0.58
7033, 0.00
7034, 1.00
7035, 1.00
7036, 0.55
7037, 0.00
7038, 0.49
7039, 0.83
7040, 0.37
7041, 0.61
7042, 0.36
7043, 0.13
7044, 0.15
7045, 0.58
7046, 0.52
7047, 0.09
7048, 0.66
7049, 0.91
7050, 0.59
7051, 0.36
7052, 0.23
7053, 0.40
7054, 0.49
7055, 0.58
7056, 0.17
7057, 0.19
7058, 0.58
7059, 0.00
7060, 0.33
7061, 0.00
7062, 0.46
7063, 0.34
7064, 0.18
7065, 1.00
7066, 0.36
7067, 0.32
7068, 0.34
7069, 0.36
7070, 0.53
7071, 0.66
7072, 1.00
7073, 0.00
7074, 0.20
7075, 0.00
7076, 0.51
7077, 0.00
7078, 0.34
7079, 1.00
7080, 1.00
7081, 0.42
7082, 0.00
7083, 0.04
7084, 0.22
7085, 0.46
7086, 0.42
7087, 1.00
7088, 0.49
7089, 0.47
7090, 0.22
7091, 0.89
7092, 0.56
7093, 0.20
7094, 0.00
7095, 0.55
7096, 0.59
7097, 0.87
7098, 0.42
7099, 0.84
7100, 0.66
7101, 0.18
7102, 0.87
7103, 0.39
7104, 0.81
7105, 0.69
7106, 1.00
7107, 0.16
7108, 0.56
7109, 0.27
7110, 0.00
7111, 0.53
7112, 0.07
7113, 0.56
7114, 0.42
7115, 0.27
7116, 0.62
7117, 0.00
7118, 0.91
7119, 0.96
7120, 0.47
7121, 0.04
7122, 0.11
7123, 1.00
7124, 0.23
7125, 0.23
7126, 0.19
7127, 0.21
7128, 0.27
7129, 0.46
7130, 1.00
7131, 0.94
7132, 0.49
7133, 0.00
7134, 0.16
7135, 0.52
7136, 0.25
7137, 0.00
7138, 0.69
7139, 0.59
7140, 0.00
7141, 0.47
7142, 0.00
7143, 0.15
7144, 0.18
7145, 1.00
7146, 0.17
7147, 0.17
7148, 0.31
7149, 1.00
7150, 0.50
7151, 0.49
7152, 0.00
7153, 0.28
7154, 0.54
7155, 1.00
7156, 0.41
7157, 0.96
7158, 0.42
7159, 0.56
7160, 0.12
7161, 0.00
7162, 0.00
7163, 0.33
7164, 0.96
7165, 0.90
7166, 1.00
7167, 0.23
7168, 0.21
7169, 0.07
7170, 0.57
7171, 0.00
7172, 0.22
7173, 0.14
7174, 0.31
7175, 0.41
7176, 0.98
7177, 0.49
7178, 0.85
7179, 1.00
7180, 1.00
7181, 0.99
7182, 0.19
7183, 1.00
7184, 1.00
7185, 0.58
7186, 0.11
7187, 0.28
7188, 0.31
7189, 0.00
7190, 0.61
7191, 0.41
7192, 1.00
7193, 0.37
7194, 0.65
7195, 0.94
7196, 0.50
7197, 0.09
7198, 0.54
7199, 0.00
7200, 1.00
7201, 0.59
7202, 0.41
7203, 0.47
7204, 0.00
7205, 0.41
7206, 0.14
7207, 0.19
7208, 0.76
7209, 0.36
7210, 0.31
7211, 0.21
7212, 0.04
7213, 0.94
7214, 0.46
7215, 0.00
7216, 1.00
7217, 1.00
7218, 0.94
7219, 0.36
7220, 0.99
7221, 0.65
7222, 1.00
7223, 0.14
7224, 0.44
7225, 1.00
7226, 0.24
7227, 0.19
7228, 0.27
7229, 0.12
7230, 0.11
7231, 0.87
7232, 0.44
7233, 0.47
7234, 0.39
7235, 0.00
7236, 0.63
7237, 0.67
7238, 0.25
7239, 0.21
7240, 0.28
7241, 0.32
7242, 0.32
7243, 0.49
7244, 0.49
7245, 0.09
7246, 0.00
7247, 0.08
7248, 0.27
7249, 0.43
7250, 0.40
7251, 0.57
7252, 1.00
7253, 0.89
7254, 0.27
7255, 1.00
7256, 0.35
7257, 0.43
7258, 1.00
7259, 0.54
7260, 0.07
7261, 0.05
7262, 0.65
7263, 0.60
7264, 0.31
7265, 0.18
7266, 0.24
7267, 1.00
7268, 0.28
7269, 1.00
7270, 0.17
7271, 0.43
7272, 0.20
7273, 0.25
7274, 1.00
7275, 1.00
7276, 0.54
7277, 0.30
7278, 0.63
7279, 0.30
7280, 0.24
7281, 0.24
7282, 0.18
7283, 0.21
7284, 0.45
7285, 0.95
7286, 0.42
7287, 0.99
7288, 0.62
7289, 0.56
7290, 0.49
7291, 0.67
7292, 0.23
7293, 0.96
7294, 0.16
7295, 0.00
7296, 1.00
7297, 0.96
7298, 1.00
7299, 0.64
7300, 0.33
7301, 0.21
7302, 0.52
7303, 0.47
7304, 0.00
7305, 0.99
7306, 0.47
7307, 0.45
7308, 0.00
7309, 0.18
7310, 0.99
7311, 0.17
7312, 0.94
7313, 0.37
7314, 0.15
7315, 0.45
7316, 0.25
7317, 0.28
7318, 0.49
7319, 0.47
7320, 0.09
7321, 0.60
7322, 1.00
7323, 0.19
7324, 1.00
7325, 0.49
7326, 0.36
7327, 0.41
7328, 0.80
7329, 0.46
7330, 0.43
7331, 0.39
7332, 0.09
7333, 0.53
7334, 0.96
7335, 0.59
7336, 0.30
7337, 0.37
7338, 0.50
7339, 0.55
7340, 0.25
7341, 0.32
7342, 1.00
7343, 0.90
7344, 0.13
7345, 0.00
7346, 0.42
7347, 1.00
7348, 0.11
7349, 1.00
7350, 0.15
7351, 0.98
7352, 0.55
7353, 0.13
7354, 1.00
7355, 1.00
7356, 0.49
7357, 0.48
7358, 0.00
7359, 0.65
7360, 0.60
7361, 0.99
7362, 1.00
7363, 0.31
7364, 0.86
7365, 0.19
7366, 0.39
7367, 1.00
7368, 0.49
7369, 0.99
7370, 0.47
7371, 0.17
7372, 0.35
7373, 1.00
7374, 0.32
7375, 0.61
7376, 1.00
7377, 0.00
7378, 0.38
7379, 0.57
7380, 0.53
7381, 0.26
7382, 0.13
7383, 0.63
7384, 0.99
7385, 0.00
7386, 0.33
7387, 0.85
7388, 0.44
7389, 0.99
7390, 0.57
7391, 0.56
7392, 0.31
7393, 0.37
7394, 1.00
7395, 0.49
7396, 0.33
7397, 0.39
7398, 0.25
7399, 0.05
7400, 0.47
7401, 1.00
7402, 0.49
7403, 0.19
7404, 0.38
7405, 0.54
7406, 0.00
7407, 0.41
7408, 0.48
7409, 0.03
7410, 0.11
7411, 0.00
7412, 0.28
7413, 0.00
7414, 1.00
7415, 0.49
7416, 0.00
7417, 1.00
7418, 0.00
7419, 0.41
7420, 1.00
7421, 0.34
