Id,Predicted
0, 0.09
1, 0.00
2, 0.51
3, 0.08
4, 1.00
5, 0.01
6, 0.60
7, 0.21
8, 0.38
9, 0.87
10, 0.53
11, 0.47
12, 0.05
13, 0.31
14, 1.00
15, 1.00
16, 1.00
17, 0.51
18, 0.78
19, 0.03
20, 0.53
21, 1.00
22, 0.49
23, 0.35
24, 0.29
25, 0.60
26, 0.73
27, 0.28
28, 0.62
29, 0.79
30, 0.37
31, 0.26
32, 0.66
33, 0.09
34, 0.29
35, 0.18
36, 0.29
37, 0.49
38, 0.24
39, 1.00
40, 0.77
41, 0.14
42, 0.81
43, 0.21
44, 1.00
45, 0.46
46, 0.83
47, 0.00
48, 0.07
49, 0.41
50, 0.10
51, 0.00
52, 0.00
53, 0.09
54, 0.07
55, 0.34
56, 0.38
57, 0.11
58, 0.03
59, 0.56
60, 0.73
61, 0.24
62, 0.00
63, 1.00
64, 1.00
65, 0.55
66, 0.83
67, 0.34
68, 0.01
69, 0.36
70, 0.71
71, 1.00
72, 1.00
73, 0.38
74, 0.00
75, 1.00
76, 0.51
77, 0.42
78, 0.57
79, 0.00
80, 0.81
81, 0.00
82, 0.00
83, 1.00
84, 0.01
85, 1.00
86, 0.35
87, 0.59
88, 0.20
89, 1.00
90, 0.52
91, 1.00
92, 0.61
93, 0.00
94, 1.00
95, 0.21
96, 0.01
97, 0.31
98, 1.00
99, 0.29
100, 0.35
101, 0.48
102, 0.00
103, 0.84
104, 0.71
105, 0.15
106, 0.07
107, 0.21
108, 0.43
109, 0.68
110, 0.00
111, 0.68
112, 0.01
113, 0.54
114, 0.40
115, 0.44
116, 0.29
117, 0.80
118, 0.00
119, 0.06
120, 0.00
121, 1.00
122, 0.00
123, 0.15
124, 0.25
125, 0.00
126, 0.72
127, 0.75
128, 0.85
129, 1.00
130, 0.00
131, 1.00
132, 0.00
133, 0.29
134, 0.51
135, 0.87
136, 0.00
137, 0.02
138, 0.16
139, 0.64
140, 0.74
141, 0.58
142, 0.82
143, 1.00
144, 1.00
145, 0.47
146, 0.30
147, 0.52
148, 0.68
149, 0.03
150, 0.03
151, 1.00
152, 0.00
153, 0.26
154, 0.47
155, 0.35
156, 0.00
157, 0.63
158, 0.33
159, 0.20
160, 0.18
161, 0.18
162, 0.60
163, 0.00
164, 0.41
165, 0.13
166, 0.00
167, 0.07
168, 1.00
169, 0.10
170, 0.36
171, 0.44
172, 0.60
173, 0.32
174, 0.07
175, 0.76
176, 0.04
177, 0.01
178, 0.63
179, 0.54
180, 0.31
181, 0.60
182, 1.00
183, 0.41
184, 0.16
185, 0.17
186, 0.44
187, 0.71
188, 0.84
189, 0.78
190, 0.89
191, 0.23
192, 0.77
193, 0.11
194, 0.19
195, 0.00
196, 0.48
197, 0.47
198, 0.00
199, 0.00
200, 0.36
201, 0.07
202, 0.37
203, 0.17
204, 0.77
205, 0.13
206, 0.00
207, 0.62
208, 1.00
209, 0.78
210, 0.06
211, 0.67
212, 0.15
213, 0.44
214, 0.15
215, 0.84
216, 0.53
217, 0.53
218, 0.15
219, 0.00
220, 0.00
221, 0.64
222, 0.00
223, 0.00
224, 0.31
225, 0.61
226, 0.69
227, 1.00
228, 0.82
229, 0.43
230, 0.00
231, 0.01
232, 0.56
233, 0.17
234, 0.00
235, 0.11
236, 0.86
237, 0.00
238, 0.60
239, 0.34
240, 0.13
241, 0.51
242, 0.00
243, 0.00
244, 0.69
245, 0.31
246, 0.16
247, 0.45
248, 0.73
249, 0.04
250, 1.00
251, 0.77
252, 0.08
253, 0.00
254, 0.49
255, 0.56
256, 0.56
257, 0.65
258, 0.79
259, 0.15
260, 0.00
261, 0.00
262, 0.00
263, 1.00
264, 0.56
265, 0.64
266, 0.30
267, 0.87
268, 0.38
269, 0.15
270, 0.27
271, 1.00
272, 0.00
273, 0.36
274, 0.64
275, 0.39
276, 0.27
277, 0.00
278, 1.00
279, 0.05
280, 1.00
281, 0.72
282, 1.00
283, 0.73
284, 0.69
285, 0.70
286, 0.48
287, 0.28
288, 1.00
289, 0.55
290, 0.81
291, 0.03
292, 1.00
293, 0.32
294, 0.00
295, 0.07
296, 0.00
297, 0.03
298, 0.01
299, 0.22
300, 0.23
301, 0.14
302, 0.20
303, 0.31
304, 0.28
305, 0.36
306, 0.29
307, 0.51
308, 0.04
309, 0.34
310, 0.36
311, 0.00
312, 1.00
313, 0.26
314, 0.37
315, 0.29
316, 0.41
317, 0.71
318, 0.09
319, 0.09
320, 0.11
321, 1.00
322, 0.17
323, 0.00
324, 0.67
325, 1.00
326, 0.03
327, 0.23
328, 0.19
329, 0.38
330, 0.00
331, 0.38
332, 0.00
333, 0.00
334, 1.00
335, 0.69
336, 0.05
337, 0.38
338, 0.80
339, 0.67
340, 0.38
341, 0.08
342, 0.28
343, 0.00
344, 1.00
345, 0.53
346, 0.00
347, 0.07
348, 0.07
349, 0.26
350, 1.00
351, 0.22
352, 0.74
353, 0.65
354, 0.66
355, 0.63
356, 0.28
357, 0.00
358, 0.44
359, 0.46
360, 0.06
361, 0.72
362, 0.07
363, 0.46
364, 0.10
365, 0.80
366, 0.51
367, 1.00
368, 0.00
369, 0.00
370, 0.06
371, 1.00
372, 0.03
373, 0.58
374, 1.00
375, 0.30
376, 0.54
377, 0.14
378, 0.77
379, 0.20
380, 0.55
381, 0.00
382, 0.00
383, 0.39
384, 0.37
385, 0.01
386, 0.00
387, 0.58
388, 1.00
389, 0.00
390, 1.00
391, 0.46
392, 0.54
393, 0.26
394, 0.50
395, 0.42
396, 0.18
397, 0.00
398, 0.31
399, 1.00
400, 0.59
401, 0.29
402, 0.73
403, 0.75
404, 0.09
405, 0.59
406, 0.00
407, 0.00
408, 0.15
409, 0.06
410, 0.00
411, 1.00
412, 0.67
413, 0.51
414, 0.00
415, 0.32
416, 0.29
417, 1.00
418, 0.36
419, 0.17
420, 0.36
421, 0.30
422, 0.15
423, 1.00
424, 1.00
425, 0.77
426, 0.52
427, 0.86
428, 1.00
429, 0.00
430, 0.25
431, 1.00
432, 0.70
433, 0.00
434, 1.00
435, 0.49
436, 0.30
437, 0.37
438, 0.24
439, 0.00
440, 1.00
441, 0.41
442, 0.05
443, 0.22
444, 0.94
445, 0.18
446, 0.84
447, 0.00
448, 0.11
449, 1.00
450, 0.06
451, 0.00
452, 0.75
453, 0.01
454, 0.02
455, 0.15
456, 0.13
457, 0.26
458, 0.69
459, 0.18
460, 0.83
461, 0.52
462, 0.79
463, 1.00
464, 1.00
465, 0.14
466, 0.54
467, 0.26
468, 1.00
469, 0.40
470, 0.24
471, 0.30
472, 0.24
473, 0.55
474, 1.00
475, 1.00
476, 1.00
477, 0.59
478, 0.00
479, 0.04
480, 0.13
481, 1.00
482, 1.00
483, 0.80
484, 0.00
485, 0.54
486, 0.08
487, 1.00
488, 0.22
489, 0.10
490, 0.05
491, 0.00
492, 0.29
493, 0.66
494, 0.35
495, 0.07
496, 0.17
497, 0.74
498, 1.00
499, 0.91
500, 1.00
501, 0.03
502, 0.00
503, 0.58
504, 0.01
505, 1.00
506, 0.59
507, 1.00
508, 0.33
509, 0.12
510, 0.62
511, 0.77
512, 0.27
513, 0.03
514, 0.35
515, 0.63
516, 0.14
517, 1.00
518, 0.33
519, 0.13
520, 0.00
521, 0.71
522, 0.00
523, 0.02
524, 0.00
525, 0.52
526, 0.36
527, 0.84
528, 0.63
529, 0.13
530, 0.50
531, 0.68
532, 0.22
533, 0.67
534, 0.16
535, 0.14
536, 0.15
537, 0.63
538, 0.01
539, 0.01
540, 1.00
541, 0.66
542, 0.66
543, 1.00
544, 0.65
545, 0.41
546, 1.00
547, 0.32
548, 0.14
549, 0.16
550, 0.09
551, 0.29
552, 1.00
553, 0.00
554, 0.82
555, 0.29
556, 0.00
557, 1.00
558, 0.82
559, 0.45
560, 0.52
561, 0.05
562, 0.40
563, 1.00
564, 0.32
565, 1.00
566, 0.02
567, 1.00
568, 0.02
569, 1.00
570, 0.53
571, 0.09
572, 0.83
573, 0.00
574, 0.84
575, 0.67
576, 0.67
577, 0.66
578, 0.64
579, 0.01
580, 0.74
581, 0.35
582, 0.29
583, 0.41
584, 0.09
585, 0.25
586, 0.09
587, 0.18
588, 0.00
589, 0.12
590, 0.27
591, 0.20
592, 0.95
593, 1.00
594, 0.68
595, 1.00
596, 0.28
597, 0.64
598, 0.66
599, 0.60
600, 0.50
601, 1.00
602, 0.65
603, 0.24
604, 0.52
605, 0.19
606, 0.07
607, 0.00
608, 1.00
609, 0.00
610, 0.47
611, 0.80
612, 0.14
613, 0.10
614, 0.53
615, 0.17
616, 0.08
617, 0.77
618, 0.36
619, 0.00
620, 0.41
621, 0.74
622, 0.39
623, 0.65
624, 0.18
625, 0.77
626, 0.22
627, 1.00
628, 0.43
629, 0.72
630, 0.14
631, 0.23
632, 0.00
633, 0.52
634, 1.00
635, 0.51
636, 1.00
637, 0.71
638, 0.17
639, 0.53
640, 0.11
641, 0.79
642, 0.68
643, 0.61
644, 0.61
645, 0.75
646, 0.01
647, 0.04
648, 1.00
649, 0.41
650, 0.04
651, 0.74
652, 0.64
653, 0.62
654, 1.00
655, 0.23
656, 0.80
657, 0.53
658, 0.00
659, 0.10
660, 1.00
661, 0.53
662, 0.55
663, 0.71
664, 0.11
665, 0.27
666, 0.27
667, 1.00
668, 0.28
669, 1.00
670, 0.25
671, 0.73
672, 1.00
673, 0.76
674, 0.69
675, 1.00
676, 0.00
677, 0.00
678, 0.00
679, 0.41
680, 1.00
681, 1.00
682, 0.44
683, 0.07
684, 0.56
685, 0.64
686, 0.56
687, 0.50
688, 0.04
689, 0.00
690, 0.43
691, 1.00
692, 0.47
693, 0.42
694, 0.51
695, 0.17
696, 0.72
697, 0.68
698, 0.72
699, 0.12
700, 0.05
701, 0.04
702, 0.40
703, 0.22
704, 0.04
705, 0.12
706, 0.14
707, 0.01
708, 0.14
709, 0.00
710, 1.00
711, 0.21
712, 0.45
713, 0.49
714, 0.40
715, 0.03
716, 0.04
717, 0.17
718, 0.54
719, 0.54
720, 0.00
721, 0.42
722, 0.00
723, 0.49
724, 0.03
725, 0.62
726, 0.16
727, 0.15
728, 0.33
729, 0.09
730, 0.29
731, 0.00
732, 0.26
733, 1.00
734, 0.01
735, 0.33
736, 0.56
737, 0.00
738, 0.47
739, 0.04
740, 0.54
741, 0.00
742, 0.35
743, 0.05
744, 1.00
745, 0.12
746, 0.08
747, 0.16
748, 0.00
749, 0.72
750, 0.50
751, 0.42
752, 0.35
753, 1.00
754, 0.36
755, 0.04
756, 0.12
757, 0.89
758, 0.00
759, 0.70
760, 0.00
761, 0.57
762, 0.37
763, 0.09
764, 0.12
765, 0.00
766, 0.61
767, 0.20
768, 0.00
769, 0.56
770, 0.79
771, 0.82
772, 0.23
773, 0.41
774, 0.33
775, 0.00
776, 0.83
777, 0.20
778, 0.65
779, 0.78
780, 0.30
781, 0.47
782, 0.75
783, 0.41
784, 0.51
785, 0.01
786, 0.35
787, 0.42
788, 1.00
789, 0.00
790, 0.00
791, 0.25
792, 0.20
793, 0.00
794, 0.24
795, 0.00
796, 0.00
797, 0.60
798, 0.22
799, 1.00
800, 0.67
801, 0.79
802, 0.28
803, 1.00
804, 0.05
805, 0.04
806, 0.00
807, 0.62
808, 0.00
809, 0.00
810, 0.20
811, 0.24
812, 1.00
813, 0.00
814, 0.26
815, 0.03
816, 1.00
817, 0.05
818, 0.00
819, 0.61
820, 0.47
821, 0.00
822, 1.00
823, 0.10
824, 0.06
825, 0.00
826, 0.71
827, 0.74
828, 1.00
829, 0.79
830, 0.22
831, 0.30
832, 0.10
833, 0.62
834, 0.34
835, 0.24
836, 0.77
837, 0.36
838, 0.46
839, 0.26
840, 0.00
841, 0.34
842, 0.20
843, 0.69
844, 0.27
845, 0.45
846, 0.79
847, 0.00
848, 0.03
849, 0.42
850, 0.00
851, 0.41
852, 0.00
853, 0.20
854, 0.74
855, 1.00
856, 0.02
857, 0.16
858, 0.23
859, 0.61
860, 0.58
861, 0.00
862, 0.95
863, 0.36
864, 0.57
865, 0.27
866, 0.34
867, 0.00
868, 0.48
869, 0.34
870, 0.00
871, 0.77
872, 1.00
873, 1.00
874, 0.00
875, 0.00
876, 0.28
877, 0.25
878, 0.53
879, 0.81
880, 0.61
881, 0.09
882, 0.23
883, 0.24
884, 0.09
885, 0.27
886, 1.00
887, 0.28
888, 0.78
889, 0.21
890, 1.00
891, 0.27
892, 0.75
893, 0.37
894, 1.00
895, 0.51
896, 0.20
897, 0.02
898, 0.00
899, 0.00
900, 0.42
901, 0.34
902, 0.07
903, 0.31
904, 1.00
905, 1.00
906, 0.22
907, 0.69
908, 0.04
909, 0.08
910, 1.00
911, 0.93
912, 0.08
913, 0.05
914, 0.15
915, 0.50
916, 0.47
917, 1.00
918, 0.15
919, 0.74
920, 0.48
921, 0.44
922, 0.01
923, 0.67
924, 0.00
925, 0.13
926, 0.22
927, 1.00
928, 0.00
929, 1.00
930, 0.37
931, 0.19
932, 0.15
933, 0.23
934, 0.53
935, 0.10
936, 0.54
937, 0.02
938, 0.63
939, 0.53
940, 0.54
941, 0.00
942, 0.31
943, 0.36
944, 0.27
945, 0.13
946, 0.24
947, 1.00
948, 0.00
949, 0.00
950, 0.76
951, 1.00
952, 0.02
953, 0.58
954, 0.18
955, 0.07
956, 0.57
957, 0.55
958, 0.68
959, 0.00
960, 0.19
961, 0.43
962, 0.71
963, 1.00
964, 0.43
965, 0.30
966, 0.09
967, 1.00
968, 0.07
969, 0.52
970, 0.34
971, 0.05
972, 0.57
973, 0.00
974, 0.89
975, 0.77
976, 0.69
977, 0.77
978, 0.03
979, 0.76
980, 0.53
981, 0.54
982, 0.22
983, 0.47
984, 0.27
985, 0.61
986, 0.00
987, 0.69
988, 0.51
989, 0.22
990, 0.02
991, 0.00
992, 0.42
993, 0.39
994, 0.08
995, 0.34
996, 0.61
997, 0.39
998, 0.02
999, 0.77
1000, 0.17
1001, 0.06
1002, 0.25
1003, 0.69
1004, 1.00
1005, 0.00
1006, 0.11
1007, 1.00
1008, 0.12
1009, 0.15
1010, 0.32
1011, 0.38
1012, 0.50
1013, 0.36
1014, 0.00
1015, 0.54
1016, 0.61
1017, 0.53
1018, 0.58
1019, 0.66
1020, 0.01
1021, 0.73
1022, 0.65
1023, 0.70
1024, 0.55
1025, 0.05
1026, 1.00
1027, 0.90
1028, 1.00
1029, 0.35
1030, 0.00
1031, 1.00
1032, 0.62
1033, 0.51
1034, 0.75
1035, 1.00
1036, 0.55
1037, 0.58
1038, 0.51
1039, 0.64
1040, 0.75
1041, 0.70
1042, 1.00
1043, 0.53
1044, 0.31
1045, 0.86
1046, 0.20
1047, 0.20
1048, 0.10
1049, 0.05
1050, 0.44
1051, 1.00
1052, 0.71
1053, 0.07
1054, 0.00
1055, 1.00
1056, 0.00
1057, 0.26
1058, 0.68
1059, 0.72
1060, 0.01
1061, 0.33
1062, 0.42
1063, 0.51
1064, 1.00
1065, 0.76
1066, 1.00
1067, 0.22
1068, 0.00
1069, 0.48
1070, 1.00
1071, 0.15
1072, 0.78
1073, 0.90
1074, 0.00
1075, 0.01
1076, 0.14
1077, 0.24
1078, 0.01
1079, 0.11
1080, 0.00
1081, 0.16
1082, 0.44
1083, 1.00
1084, 0.68
1085, 0.57
1086, 0.44
1087, 0.45
1088, 0.56
1089, 0.26
1090, 0.34
1091, 0.38
1092, 0.34
1093, 0.61
1094, 0.40
1095, 0.19
1096, 0.55
1097, 0.46
1098, 0.76
1099, 0.44
1100, 0.72
1101, 0.02
1102, 0.66
1103, 0.26
1104, 0.30
1105, 0.43
1106, 0.17
1107, 0.53
1108, 0.16
1109, 0.01
1110, 0.54
1111, 0.03
1112, 0.15
1113, 0.79
1114, 1.00
1115, 0.46
1116, 0.70
1117, 0.59
1118, 1.00
1119, 0.84
1120, 1.00
1121, 0.34
1122, 0.07
1123, 1.00
1124, 1.00
1125, 0.01
1126, 0.06
1127, 0.36
1128, 0.61
1129, 0.00
1130, 0.49
1131, 0.50
1132, 0.53
1133, 0.36
1134, 0.44
1135, 0.08
1136, 0.40
1137, 0.31
1138, 0.63
1139, 0.38
1140, 1.00
1141, 0.00
1142, 0.00
1143, 0.79
1144, 0.65
1145, 0.11
1146, 0.48
1147, 0.00
1148, 1.00
1149, 1.00
1150, 0.50
1151, 0.16
1152, 1.00
1153, 0.00
1154, 0.00
1155, 0.00
1156, 0.00
1157, 0.07
1158, 0.38
1159, 1.00
1160, 0.59
1161, 0.21
1162, 0.49
1163, 0.73
1164, 0.05
1165, 1.00
1166, 0.66
1167, 0.29
1168, 0.70
1169, 0.80
1170, 0.29
1171, 0.44
1172, 1.00
1173, 0.00
1174, 1.00
1175, 0.78
1176, 0.92
1177, 0.09
1178, 0.20
1179, 0.50
1180, 0.03
1181, 0.10
1182, 0.05
1183, 0.28
1184, 0.40
1185, 0.43
1186, 1.00
1187, 0.71
1188, 0.13
1189, 0.26
1190, 0.65
1191, 1.00
1192, 0.48
1193, 0.72
1194, 0.43
1195, 0.66
1196, 0.14
1197, 0.08
1198, 0.10
1199, 1.00
1200, 0.32
1201, 0.47
1202, 0.28
1203, 1.00
1204, 0.39
1205, 0.66
1206, 0.01
1207, 0.22
1208, 0.02
1209, 0.03
1210, 0.68
1211, 0.93
1212, 0.01
1213, 0.72
1214, 0.02
1215, 0.75
1216, 0.64
1217, 0.04
1218, 0.21
1219, 0.30
1220, 0.00
1221, 1.00
1222, 0.69
1223, 0.63
1224, 0.52
1225, 0.24
1226, 0.56
1227, 0.00
1228, 0.83
1229, 0.68
1230, 0.53
1231, 0.58
1232, 0.38
1233, 0.00
1234, 0.25
1235, 0.24
1236, 0.66
1237, 0.49
1238, 0.67
1239, 0.00
1240, 0.31
1241, 0.00
1242, 0.73
1243, 0.86
1244, 0.00
1245, 0.29
1246, 0.44
1247, 0.00
1248, 0.68
1249, 0.11
1250, 0.43
1251, 1.00
1252, 0.70
1253, 0.34
1254, 0.53
1255, 0.66
1256, 1.00
1257, 1.00
1258, 0.80
1259, 0.13
1260, 0.06
1261, 0.17
1262, 0.05
1263, 1.00
1264, 0.61
1265, 0.57
1266, 0.67
1267, 0.61
1268, 0.50
1269, 0.31
1270, 0.00
1271, 0.51
1272, 1.00
1273, 1.00
1274, 0.61
1275, 0.31
1276, 0.41
1277, 0.24
1278, 0.49
1279, 1.00
1280, 0.09
1281, 0.42
1282, 0.66
1283, 0.52
1284, 0.85
1285, 1.00
1286, 1.00
1287, 0.85
1288, 0.80
1289, 0.47
1290, 0.44
1291, 1.00
1292, 0.23
1293, 1.00
1294, 0.01
1295, 0.27
1296, 0.70
1297, 0.63
1298, 0.08
1299, 1.00
1300, 0.09
1301, 0.66
1302, 0.00
1303, 0.55
1304, 0.09
1305, 0.24
1306, 1.00
1307, 0.54
1308, 0.30
1309, 0.02
1310, 0.22
1311, 0.57
1312, 0.00
1313, 0.18
1314, 0.00
1315, 1.00
1316, 0.14
1317, 0.00
1318, 0.67
1319, 0.13
1320, 0.26
1321, 0.57
1322, 0.00
1323, 0.60
1324, 0.43
1325, 0.87
1326, 0.48
1327, 0.04
1328, 1.00
1329, 0.41
1330, 0.25
1331, 0.66
1332, 1.00
1333, 0.27
1334, 0.60
1335, 0.83
1336, 0.21
1337, 0.21
1338, 0.62
1339, 1.00
1340, 0.80
1341, 0.01
1342, 0.23
1343, 0.21
1344, 0.24
1345, 1.00
1346, 0.08
1347, 0.25
1348, 0.00
1349, 0.64
1350, 0.35
1351, 0.00
1352, 0.00
1353, 0.31
1354, 0.78
1355, 0.63
1356, 0.03
1357, 0.26
1358, 0.75
1359, 0.17
1360, 0.13
1361, 0.26
1362, 1.00
1363, 0.31
1364, 0.43
1365, 0.37
1366, 0.43
1367, 1.00
1368, 1.00
1369, 0.71
1370, 1.00
1371, 0.09
1372, 0.52
1373, 0.12
1374, 0.00
1375, 1.00
1376, 0.71
1377, 0.00
1378, 0.53
1379, 0.69
1380, 0.53
1381, 0.42
1382, 0.03
1383, 0.26
1384, 0.89
1385, 0.44
1386, 0.62
1387, 0.48
1388, 1.00
1389, 0.17
1390, 0.30
1391, 0.28
1392, 0.08
1393, 0.63
1394, 1.00
1395, 0.13
1396, 0.77
1397, 0.00
1398, 0.55
1399, 1.00
1400, 0.41
1401, 0.11
1402, 0.55
1403, 0.00
1404, 0.12
1405, 0.00
1406, 0.27
1407, 0.20
1408, 0.57
1409, 0.82
1410, 1.00
1411, 0.36
1412, 1.00
1413, 0.55
1414, 0.86
1415, 0.03
1416, 0.72
1417, 0.24
1418, 0.35
1419, 0.05
1420, 0.68
1421, 0.03
1422, 0.71
1423, 0.41
1424, 0.09
1425, 0.59
1426, 0.58
1427, 0.43
1428, 0.61
1429, 0.00
1430, 0.61
1431, 0.63
1432, 0.83
1433, 0.72
1434, 0.71
1435, 0.01
1436, 0.36
1437, 0.55
1438, 0.00
1439, 0.65
1440, 0.33
1441, 0.40
1442, 0.14
1443, 0.12
1444, 0.57
1445, 0.04
1446, 0.00
1447, 0.00
1448, 0.00
1449, 0.00
1450, 0.39
1451, 0.76
1452, 1.00
1453, 1.00
1454, 0.00
1455, 0.52
1456, 0.64
1457, 0.40
1458, 0.00
1459, 0.23
1460, 0.27
1461, 0.00
1462, 0.30
1463, 0.00
1464, 0.90
1465, 0.01
1466, 1.00
1467, 0.04
1468, 0.78
1469, 0.73
1470, 0.62
1471, 0.86
1472, 0.00
1473, 0.00
1474, 0.19
1475, 1.00
1476, 0.18
1477, 0.28
1478, 0.00
1479, 0.30
1480, 1.00
1481, 0.58
1482, 0.25
1483, 0.94
1484, 0.88
1485, 0.38
1486, 0.37
1487, 1.00
1488, 0.00
1489, 0.76
1490, 0.00
1491, 0.48
1492, 0.57
1493, 0.10
1494, 0.88
1495, 1.00
1496, 0.54
1497, 0.71
1498, 0.00
1499, 0.00
1500, 0.00
1501, 0.38
1502, 0.03
1503, 1.00
1504, 1.00
1505, 1.00
1506, 0.54
1507, 0.01
1508, 0.62
1509, 0.32
1510, 0.45
1511, 0.40
1512, 0.07
1513, 0.09
1514, 0.00
1515, 0.30
1516, 0.49
1517, 0.00
1518, 0.68
1519, 0.00
1520, 0.00
1521, 0.00
1522, 0.03
1523, 0.00
1524, 0.34
1525, 0.73
1526, 0.00
1527, 0.00
1528, 0.72
1529, 0.88
1530, 0.04
1531, 1.00
1532, 1.00
1533, 0.79
1534, 0.90
1535, 0.61
1536, 0.25
1537, 0.79
1538, 1.00
1539, 0.65
1540, 0.32
1541, 1.00
1542, 0.71
1543, 0.11
1544, 0.29
1545, 0.42
1546, 0.62
1547, 0.32
1548, 0.34
1549, 0.77
1550, 0.12
1551, 0.09
1552, 0.42
1553, 0.24
1554, 0.50
1555, 0.00
1556, 0.26
1557, 1.00
1558, 0.46
1559, 0.30
1560, 1.00
1561, 0.72
1562, 0.10
1563, 0.00
1564, 1.00
1565, 1.00
1566, 0.07
1567, 0.87
1568, 0.35
1569, 1.00
1570, 0.70
1571, 1.00
1572, 1.00
1573, 0.00
1574, 0.14
1575, 0.13
1576, 1.00
1577, 1.00
1578, 1.00
1579, 0.14
1580, 0.00
1581, 0.16
1582, 0.04
1583, 0.35
1584, 0.00
1585, 0.28
1586, 0.00
1587, 0.54
1588, 0.68
1589, 1.00
1590, 0.42
1591, 1.00
1592, 0.66
1593, 0.53
1594, 0.18
1595, 0.00
1596, 0.74
1597, 0.67
1598, 1.00
1599, 0.05
1600, 0.00
1601, 0.41
1602, 0.55
1603, 0.71
1604, 0.61
1605, 0.01
1606, 0.21
1607, 0.24
1608, 0.52
1609, 0.21
1610, 0.67
1611, 0.09
1612, 0.12
1613, 0.00
1614, 1.00
1615, 1.00
1616, 0.00
1617, 0.79
1618, 0.74
1619, 0.27
1620, 1.00
1621, 0.69
1622, 1.00
1623, 0.32
1624, 0.81
1625, 0.30
1626, 0.46
1627, 0.76
1628, 0.53
1629, 0.00
1630, 0.65
1631, 0.39
1632, 0.14
1633, 0.12
1634, 0.12
1635, 0.47
1636, 1.00
1637, 0.70
1638, 0.38
1639, 0.00
1640, 0.00
1641, 0.00
1642, 1.00
1643, 1.00
1644, 0.60
1645, 0.28
1646, 0.00
1647, 1.00
1648, 0.45
1649, 0.00
1650, 0.37
1651, 0.03
1652, 0.00
1653, 1.00
1654, 0.00
1655, 0.73
1656, 0.10
1657, 0.46
1658, 0.25
1659, 0.76
1660, 0.78
1661, 0.00
1662, 0.40
1663, 0.59
1664, 0.45
1665, 1.00
1666, 0.23
1667, 0.73
1668, 0.00
1669, 0.89
1670, 0.45
1671, 1.00
1672, 0.12
1673, 0.50
1674, 0.00
1675, 0.00
1676, 0.15
1677, 0.87
1678, 0.17
1679, 1.00
1680, 0.72
1681, 1.00
1682, 1.00
1683, 0.24
1684, 0.18
1685, 0.65
1686, 0.52
1687, 0.75
1688, 0.00
1689, 0.50
1690, 0.00
1691, 0.58
1692, 0.30
1693, 0.00
1694, 0.63
1695, 0.62
1696, 0.87
1697, 1.00
1698, 0.29
1699, 0.37
1700, 0.44
1701, 0.87
1702, 0.41
1703, 1.00
1704, 0.46
1705, 0.47
1706, 1.00
1707, 0.14
1708, 0.66
1709, 0.37
1710, 0.00
1711, 0.06
1712, 0.49
1713, 0.46
1714, 0.47
1715, 1.00
1716, 1.00
1717, 0.45
1718, 0.00
1719, 0.10
1720, 0.05
1721, 0.64
1722, 0.39
1723, 0.34
1724, 0.47
1725, 0.22
1726, 1.00
1727, 0.49
1728, 0.25
1729, 1.00
1730, 0.03
1731, 0.30
1732, 0.77
1733, 0.47
1734, 0.40
1735, 0.47
1736, 0.22
1737, 0.00
1738, 1.00
1739, 0.11
1740, 1.00
1741, 0.60
1742, 0.18
1743, 0.12
1744, 0.07
1745, 0.53
1746, 0.43
1747, 0.09
1748, 0.44
1749, 0.31
1750, 0.84
1751, 0.01
1752, 0.33
1753, 0.61
1754, 1.00
1755, 0.01
1756, 0.01
1757, 1.00
1758, 0.60
1759, 0.85
1760, 0.47
1761, 0.70
1762, 0.46
1763, 0.45
1764, 0.29
1765, 0.38
1766, 0.32
1767, 1.00
1768, 0.10
1769, 0.26
1770, 0.20
1771, 0.32
1772, 0.32
1773, 0.28
1774, 0.31
1775, 0.51
1776, 0.51
1777, 0.67
1778, 0.74
1779, 0.19
1780, 1.00
1781, 0.71
1782, 0.47
1783, 0.36
1784, 0.00
1785, 0.42
1786, 0.39
1787, 1.00
1788, 0.79
1789, 0.44
1790, 0.67
1791, 0.00
1792, 0.52
1793, 0.57
1794, 0.29
1795, 0.00
1796, 0.17
1797, 0.71
1798, 0.00
1799, 0.49
1800, 1.00
1801, 0.59
1802, 0.35
1803, 0.00
1804, 0.04
1805, 0.40
1806, 1.00
1807, 0.68
1808, 0.46
1809, 0.56
1810, 0.73
1811, 0.27
1812, 0.01
1813, 0.66
1814, 0.40
1815, 0.59
1816, 0.02
1817, 0.74
1818, 0.89
1819, 0.42
1820, 0.48
1821, 0.42
1822, 1.00
1823, 0.00
1824, 0.18
1825, 0.72
1826, 0.31
1827, 0.00
1828, 0.01
1829, 0.73
1830, 0.36
1831, 0.37
1832, 0.00
1833, 1.00
1834, 0.38
1835, 0.22
1836, 0.73
1837, 0.17
1838, 0.38
1839, 0.00
1840, 0.05
1841, 0.59
1842, 0.39
1843, 0.00
1844, 0.41
1845, 0.34
1846, 1.00
1847, 0.32
1848, 0.56
1849, 0.10
1850, 0.48
1851, 0.43
1852, 0.14
1853, 0.67
1854, 0.28
1855, 0.17
1856, 0.75
1857, 0.02
1858, 0.20
1859, 0.51
1860, 0.00
1861, 0.69
1862, 1.00
1863, 0.01
1864, 0.20
1865, 0.41
1866, 0.66
1867, 0.79
1868, 0.16
1869, 0.47
1870, 0.04
1871, 0.48
1872, 0.58
1873, 0.67
1874, 0.17
1875, 0.55
1876, 1.00
1877, 0.79
1878, 0.33
1879, 1.00
1880, 1.00
1881, 1.00
1882, 0.85
1883, 0.05
1884, 0.76
1885, 0.00
1886, 0.18
1887, 0.00
1888, 0.29
1889, 0.75
1890, 0.23
1891, 0.79
1892, 1.00
1893, 0.52
1894, 0.00
1895, 0.65
1896, 0.20
1897, 0.34
1898, 0.10
1899, 1.00
1900, 0.04
1901, 0.14
1902, 1.00
1903, 1.00
1904, 0.42
1905, 0.88
1906, 0.76
1907, 1.00
1908, 0.56
1909, 0.50
1910, 0.11
1911, 0.33
1912, 1.00
1913, 0.55
1914, 0.18
1915, 0.07
1916, 0.52
1917, 0.79
1918, 0.06
1919, 1.00
1920, 0.03
1921, 1.00
1922, 0.54
1923, 0.06
1924, 1.00
1925, 0.24
1926, 0.46
1927, 0.49
1928, 0.31
1929, 0.06
1930, 0.00
1931, 0.29
1932, 0.35
1933, 0.51
1934, 0.56
1935, 0.53
1936, 0.56
1937, 0.10
1938, 0.46
1939, 0.28
1940, 0.50
1941, 0.46
1942, 0.60
1943, 0.90
1944, 1.00
1945, 0.12
1946, 0.56
1947, 0.15
1948, 0.28
1949, 1.00
1950, 0.10
1951, 0.43
1952, 0.44
1953, 1.00
1954, 0.59
1955, 0.64
1956, 0.82
1957, 0.81
1958, 0.08
1959, 0.19
1960, 0.00
1961, 1.00
1962, 0.67
1963, 0.67
1964, 0.82
1965, 0.57
1966, 0.04
1967, 0.50
1968, 0.26
1969, 0.01
1970, 1.00
1971, 0.72
1972, 1.00
1973, 0.29
1974, 0.64
1975, 0.17
1976, 0.26
1977, 0.33
1978, 0.43
1979, 0.84
1980, 0.42
1981, 0.58
1982, 0.24
1983, 0.13
1984, 0.24
1985, 0.53
1986, 1.00
1987, 0.31
1988, 0.43
1989, 0.46
1990, 0.63
1991, 0.40
1992, 0.84
1993, 0.26
1994, 0.79
1995, 0.23
1996, 0.60
1997, 0.66
1998, 0.44
1999, 0.34
2000, 0.77
2001, 0.00
2002, 0.19
2003, 0.29
2004, 1.00
2005, 1.00
2006, 0.68
2007, 0.61
2008, 0.23
2009, 0.54
2010, 1.00
2011, 0.64
2012, 0.26
2013, 0.50
2014, 0.71
2015, 1.00
2016, 0.55
2017, 0.01
2018, 0.00
2019, 0.17
2020, 0.04
2021, 0.79
2022, 0.32
2023, 0.00
2024, 0.28
2025, 0.32
2026, 0.53
2027, 1.00
2028, 0.39
2029, 1.00
2030, 0.00
2031, 0.84
2032, 0.08
2033, 0.06
2034, 0.63
2035, 0.80
2036, 0.67
2037, 0.04
2038, 0.79
2039, 0.49
2040, 0.00
2041, 0.05
2042, 0.62
2043, 0.30
2044, 0.36
2045, 0.20
2046, 1.00
2047, 0.00
2048, 0.45
2049, 0.31
2050, 0.04
2051, 0.14
2052, 0.75
2053, 0.59
2054, 0.16
2055, 0.19
2056, 0.70
2057, 0.30
2058, 0.09
2059, 0.71
2060, 0.26
2061, 0.43
2062, 0.02
2063, 0.26
2064, 0.23
2065, 1.00
2066, 0.02
2067, 0.53
2068, 0.06
2069, 0.01
2070, 0.63
2071, 0.29
2072, 0.00
2073, 0.15
2074, 0.21
2075, 0.87
2076, 0.47
2077, 0.08
2078, 0.67
2079, 0.13
2080, 0.46
2081, 1.00
2082, 0.25
2083, 0.05
2084, 0.78
2085, 0.13
2086, 0.14
2087, 1.00
2088, 0.52
2089, 0.51
2090, 0.62
2091, 0.61
2092, 0.50
2093, 0.17
2094, 0.02
2095, 0.07
2096, 0.16
2097, 0.00
2098, 0.00
2099, 0.47
2100, 0.02
2101, 0.31
2102, 0.25
2103, 0.54
2104, 0.02
2105, 1.00
2106, 1.00
2107, 1.00
2108, 0.15
2109, 0.47
2110, 1.00
2111, 0.54
2112, 0.00
2113, 0.18
2114, 0.00
2115, 1.00
2116, 0.00
2117, 0.81
2118, 0.00
2119, 0.15
2120, 0.89
2121, 0.08
2122, 0.35
2123, 0.37
2124, 1.00
2125, 0.54
2126, 0.73
2127, 0.74
2128, 0.39
2129, 0.53
2130, 0.75
2131, 0.13
2132, 0.30
2133, 1.00
2134, 1.00
2135, 0.67
2136, 0.01
2137, 1.00
2138, 0.71
2139, 0.07
2140, 0.00
2141, 1.00
2142, 0.13
2143, 1.00
2144, 0.35
2145, 0.36
2146, 0.64
2147, 0.62
2148, 0.66
2149, 0.00
2150, 0.02
2151, 0.32
2152, 0.69
2153, 0.35
2154, 1.00
2155, 1.00
2156, 0.69
2157, 0.64
2158, 0.39
2159, 0.57
2160, 0.50
2161, 0.56
2162, 0.00
2163, 0.00
2164, 0.34
2165, 0.37
2166, 1.00
2167, 0.57
2168, 1.00
2169, 0.39
2170, 0.07
2171, 0.58
2172, 0.14
2173, 0.64
2174, 0.00
2175, 0.60
2176, 0.34
2177, 0.62
2178, 0.47
2179, 0.62
2180, 0.38
2181, 0.16
2182, 1.00
2183, 0.73
2184, 0.00
2185, 0.75
2186, 0.57
2187, 0.00
2188, 0.20
2189, 0.26
2190, 0.15
2191, 0.00
2192, 0.09
2193, 1.00
2194, 0.27
2195, 0.78
2196, 1.00
2197, 0.00
2198, 0.50
2199, 0.07
2200, 0.43
2201, 0.60
2202, 1.00
2203, 1.00
2204, 0.67
2205, 0.01
2206, 0.01
2207, 0.14
2208, 0.00
2209, 0.04
2210, 1.00
2211, 0.00
2212, 0.60
2213, 0.50
2214, 0.00
2215, 0.50
2216, 0.00
2217, 1.00
2218, 0.42
2219, 0.33
2220, 0.33
2221, 0.77
2222, 0.73
2223, 0.21
2224, 0.17
2225, 0.88
2226, 0.58
2227, 0.32
2228, 0.28
2229, 0.26
2230, 0.70
2231, 0.78
2232, 1.00
2233, 0.28
2234, 0.37
2235, 0.60
2236, 0.06
2237, 0.49
2238, 0.07
2239, 0.07
2240, 0.70
2241, 0.48
2242, 0.74
2243, 1.00
2244, 0.00
2245, 1.00
2246, 0.34
2247, 0.11
2248, 0.01
2249, 0.00
2250, 1.00
2251, 0.32
2252, 0.41
2253, 0.20
2254, 0.00
2255, 1.00
2256, 0.00
2257, 0.43
2258, 0.22
2259, 0.02
2260, 1.00
2261, 1.00
2262, 0.58
2263, 0.27
2264, 0.00
2265, 0.00
2266, 0.76
2267, 0.12
2268, 1.00
2269, 0.36
2270, 0.00
2271, 0.35
2272, 0.60
2273, 0.15
2274, 0.01
2275, 1.00
2276, 0.13
2277, 0.06
2278, 0.18
2279, 0.00
2280, 0.64
2281, 0.26
2282, 0.18
2283, 0.55
2284, 0.73
2285, 0.76
2286, 0.79
2287, 0.00
2288, 0.56
2289, 0.64
2290, 1.00
2291, 0.29
2292, 1.00
2293, 1.00
2294, 0.82
2295, 1.00
2296, 0.71
2297, 0.29
2298, 0.36
2299, 0.00
2300, 1.00
2301, 0.07
2302, 0.00
2303, 0.18
2304, 0.05
2305, 0.77
2306, 0.04
2307, 0.48
2308, 0.65
2309, 0.78
2310, 0.42
2311, 0.78
2312, 0.42
2313, 0.27
2314, 0.46
2315, 0.40
2316, 1.00
2317, 1.00
2318, 0.47
2319, 0.18
2320, 0.40
2321, 1.00
2322, 0.00
2323, 0.09
2324, 0.58
2325, 0.13
2326, 0.03
2327, 0.02
2328, 0.22
2329, 0.00
2330, 0.59
2331, 0.34
2332, 0.32
2333, 1.00
2334, 0.04
2335, 0.15
2336, 1.00
2337, 0.19
2338, 0.56
2339, 0.76
2340, 0.17
2341, 0.54
2342, 0.23
2343, 1.00
2344, 0.11
2345, 0.13
2346, 0.80
2347, 0.68
2348, 0.00
2349, 0.62
2350, 0.43
2351, 1.00
2352, 0.57
2353, 0.00
2354, 0.63
2355, 0.32
2356, 0.00
2357, 1.00
2358, 0.42
2359, 0.00
2360, 0.21
2361, 1.00
2362, 0.64
2363, 1.00
2364, 0.57
2365, 0.87
2366, 0.64
2367, 0.00
2368, 0.62
2369, 0.27
2370, 0.57
2371, 0.47
2372, 0.10
2373, 0.17
2374, 0.06
2375, 0.51
2376, 0.36
2377, 0.15
2378, 0.23
2379, 0.67
2380, 0.15
2381, 0.00
2382, 0.47
2383, 0.14
2384, 0.80
2385, 1.00
2386, 0.36
2387, 1.00
2388, 0.14
2389, 1.00
2390, 0.85
2391, 0.52
2392, 1.00
2393, 0.27
2394, 0.00
2395, 0.54
2396, 0.09
2397, 0.40
2398, 1.00
2399, 0.07
2400, 0.48
2401, 0.21
2402, 0.29
2403, 0.14
2404, 0.01
2405, 0.52
2406, 0.51
2407, 0.00
2408, 1.00
2409, 0.05
2410, 0.66
2411, 0.57
2412, 1.00
2413, 0.75
2414, 0.44
2415, 0.05
2416, 0.60
2417, 0.33
2418, 0.73
2419, 1.00
2420, 0.44
2421, 1.00
2422, 0.44
2423, 0.54
2424, 1.00
2425, 0.73
2426, 0.03
2427, 0.28
2428, 0.10
2429, 0.28
2430, 0.24
2431, 0.55
2432, 1.00
2433, 1.00
2434, 0.64
2435, 0.21
2436, 0.00
2437, 0.15
2438, 0.21
2439, 0.17
2440, 0.05
2441, 0.00
2442, 0.19
2443, 0.78
2444, 0.05
2445, 0.09
2446, 0.00
2447, 0.60
2448, 0.53
2449, 0.62
2450, 0.26
2451, 0.04
2452, 0.26
2453, 0.46
2454, 0.07
2455, 0.57
2456, 1.00
2457, 0.61
2458, 0.24
2459, 0.28
2460, 1.00
2461, 1.00
2462, 0.26
2463, 1.00
2464, 1.00
2465, 0.26
2466, 0.02
2467, 1.00
2468, 0.79
2469, 0.00
2470, 0.24
2471, 0.71
2472, 0.00
2473, 0.40
2474, 0.31
2475, 0.49
2476, 0.83
2477, 0.75
2478, 0.00
2479, 1.00
2480, 0.23
2481, 0.64
2482, 1.00
2483, 0.42
2484, 0.59
2485, 0.31
2486, 0.60
2487, 0.57
2488, 0.81
2489, 0.74
2490, 0.59
2491, 0.68
2492, 0.26
2493, 0.42
2494, 0.67
2495, 0.09
2496, 0.54
2497, 0.22
2498, 1.00
2499, 0.21
2500, 0.81
2501, 0.05
2502, 0.00
2503, 0.00
2504, 0.45
2505, 0.95
2506, 0.29
2507, 0.08
2508, 0.67
2509, 0.00
2510, 0.65
2511, 0.42
2512, 0.04
2513, 1.00
2514, 1.00
2515, 0.85
2516, 1.00
2517, 0.00
2518, 0.18
2519, 0.00
2520, 0.62
2521, 0.07
2522, 0.07
2523, 0.75
2524, 0.36
2525, 0.56
2526, 0.00
2527, 0.42
2528, 0.09
2529, 0.45
2530, 0.77
2531, 0.75
2532, 0.46
2533, 0.15
2534, 0.58
2535, 0.00
2536, 0.21
2537, 0.71
2538, 0.75
2539, 0.23
2540, 0.14
2541, 1.00
2542, 0.23
2543, 0.68
2544, 0.60
2545, 0.80
2546, 0.00
2547, 0.86
2548, 0.67
2549, 0.39
2550, 1.00
2551, 0.76
2552, 0.46
2553, 1.00
2554, 0.24
2555, 0.41
2556, 0.00
2557, 0.40
2558, 0.36
2559, 0.14
2560, 0.38
2561, 0.00
2562, 1.00
2563, 1.00
2564, 0.14
2565, 0.13
2566, 0.18
2567, 0.63
2568, 0.84
2569, 1.00
2570, 0.28
2571, 0.01
2572, 0.74
2573, 1.00
2574, 0.41
2575, 0.57
2576, 0.01
2577, 0.00
2578, 0.85
2579, 0.41
2580, 0.27
2581, 0.60
2582, 0.45
2583, 0.30
2584, 0.05
2585, 0.19
2586, 0.39
2587, 0.43
2588, 0.00
2589, 0.58
2590, 0.26
2591, 0.52
2592, 1.00
2593, 0.25
2594, 0.12
2595, 0.56
2596, 0.03
2597, 0.31
2598, 0.35
2599, 0.03
2600, 0.75
2601, 0.21
2602, 0.60
2603, 0.84
2604, 0.18
2605, 0.18
2606, 1.00
2607, 0.61
2608, 0.31
2609, 0.52
2610, 0.01
2611, 0.04
2612, 0.30
2613, 0.52
2614, 0.00
2615, 0.78
2616, 0.77
2617, 1.00
2618, 0.37
2619, 0.00
2620, 0.42
2621, 0.13
2622, 1.00
2623, 0.84
2624, 0.03
2625, 0.06
2626, 1.00
2627, 1.00
2628, 0.15
2629, 0.49
2630, 0.75
2631, 0.28
2632, 0.12
2633, 1.00
2634, 0.00
2635, 0.05
2636, 0.24
2637, 0.00
2638, 0.24
2639, 0.72
2640, 0.68
2641, 0.40
2642, 0.62
2643, 0.58
2644, 0.10
2645, 0.43
2646, 0.17
2647, 0.59
2648, 0.77
2649, 0.85
2650, 0.39
2651, 0.09
2652, 0.32
2653, 0.00
2654, 0.86
2655, 0.61
2656, 1.00
2657, 1.00
2658, 0.71
2659, 0.00
2660, 0.59
2661, 0.48
2662, 1.00
2663, 0.60
2664, 0.30
2665, 0.72
2666, 0.48
2667, 0.05
2668, 0.81
2669, 0.00
2670, 0.51
2671, 1.00
2672, 0.07
2673, 0.30
2674, 0.50
2675, 0.00
2676, 0.01
2677, 0.29
2678, 1.00
2679, 0.84
2680, 0.60
2681, 1.00
2682, 0.33
2683, 1.00
2684, 0.41
2685, 0.00
2686, 0.92
2687, 0.87
2688, 0.06
2689, 0.58
2690, 0.05
2691, 0.00
2692, 0.82
2693, 0.00
2694, 0.48
2695, 0.29
2696, 0.21
2697, 0.71
2698, 0.42
2699, 0.75
2700, 0.44
2701, 0.04
2702, 0.19
2703, 0.73
2704, 0.41
2705, 0.48
2706, 1.00
2707, 0.23
2708, 0.25
2709, 0.81
2710, 1.00
2711, 0.28
2712, 1.00
2713, 0.65
2714, 0.01
2715, 0.03
2716, 0.08
2717, 0.00
2718, 0.32
2719, 0.27
2720, 0.62
2721, 1.00
2722, 0.43
2723, 0.54
2724, 0.83
2725, 0.00
2726, 0.59
2727, 0.77
2728, 0.57
2729, 0.71
2730, 0.23
2731, 0.71
2732, 0.96
2733, 0.00
2734, 0.14
2735, 0.46
2736, 0.79
2737, 0.06
2738, 0.93
2739, 0.24
2740, 0.60
2741, 1.00
2742, 1.00
2743, 1.00
2744, 0.00
2745, 0.71
2746, 0.11
2747, 0.04
2748, 0.85
2749, 0.29
2750, 0.38
2751, 0.22
2752, 0.00
2753, 0.70
2754, 1.00
2755, 1.00
2756, 0.02
2757, 0.23
2758, 1.00
2759, 0.84
2760, 0.52
2761, 0.00
2762, 0.67
2763, 0.17
2764, 0.56
2765, 0.32
2766, 0.03
2767, 1.00
2768, 0.03
2769, 0.11
2770, 0.12
2771, 1.00
2772, 0.32
2773, 0.68
2774, 0.00
2775, 0.00
2776, 1.00
2777, 1.00
2778, 0.00
2779, 0.00
2780, 0.26
2781, 0.59
2782, 0.04
2783, 0.34
2784, 1.00
2785, 0.44
2786, 1.00
2787, 0.74
2788, 0.00
2789, 1.00
2790, 0.35
2791, 0.68
2792, 1.00
2793, 0.40
2794, 0.30
2795, 0.03
2796, 0.00
2797, 0.24
2798, 0.59
2799, 0.36
2800, 0.00
2801, 0.00
2802, 0.09
2803, 0.42
2804, 0.00
2805, 1.00
2806, 0.00
2807, 0.38
2808, 0.73
2809, 0.64
2810, 0.00
2811, 0.01
2812, 0.24
2813, 0.34
2814, 0.61
2815, 1.00
2816, 0.80
2817, 0.00
2818, 0.01
2819, 0.02
2820, 1.00
2821, 0.72
2822, 0.02
2823, 0.00
2824, 0.70
2825, 0.01
2826, 1.00
2827, 0.00
2828, 0.26
2829, 0.35
2830, 0.57
2831, 0.64
2832, 0.67
2833, 0.17
2834, 1.00
2835, 0.80
2836, 0.01
2837, 1.00
2838, 0.23
2839, 0.17
2840, 0.76
2841, 0.00
2842, 0.90
2843, 0.83
2844, 0.04
2845, 1.00
2846, 0.46
2847, 0.49
2848, 0.44
2849, 0.72
2850, 0.43
2851, 0.00
2852, 0.00
2853, 0.62
2854, 0.81
2855, 0.51
2856, 0.00
2857, 1.00
2858, 0.37
2859, 0.50
2860, 0.72
2861, 0.01
2862, 0.69
2863, 0.03
2864, 0.85
2865, 0.24
2866, 0.26
2867, 0.46
2868, 0.25
2869, 0.73
2870, 0.04
2871, 0.00
2872, 0.49
2873, 0.61
2874, 0.26
2875, 0.74
2876, 0.00
2877, 0.21
2878, 0.37
2879, 0.30
2880, 1.00
2881, 0.56
2882, 1.00
2883, 1.00
2884, 1.00
2885, 0.48
2886, 0.58
2887, 0.64
2888, 0.47
2889, 0.84
2890, 0.51
2891, 0.70
2892, 0.00
2893, 0.17
2894, 0.08
2895, 0.80
2896, 1.00
2897, 0.00
2898, 1.00
2899, 0.49
2900, 0.24
2901, 0.41
2902, 1.00
2903, 1.00
2904, 0.00
2905, 0.21
2906, 0.56
2907, 0.48
2908, 0.03
2909, 0.00
2910, 1.00
2911, 0.51
2912, 0.10
2913, 0.24
2914, 0.23
2915, 1.00
2916, 0.04
2917, 0.00
2918, 0.89
2919, 0.34
2920, 0.07
2921, 1.00
2922, 0.52
2923, 0.45
2924, 1.00
2925, 0.59
2926, 0.09
2927, 0.50
2928, 0.77
2929, 0.44
2930, 0.18
2931, 0.71
2932, 0.33
2933, 0.72
2934, 0.55
2935, 0.79
2936, 0.75
2937, 0.12
2938, 1.00
2939, 0.00
2940, 0.19
2941, 0.03
2942, 0.45
2943, 0.69
2944, 0.44
2945, 0.00
2946, 0.40
2947, 0.78
2948, 1.00
2949, 1.00
2950, 0.00
2951, 0.28
2952, 0.76
2953, 0.42
2954, 1.00
2955, 0.30
2956, 0.50
2957, 1.00
2958, 0.03
2959, 0.02
2960, 0.61
2961, 0.56
2962, 0.31
2963, 0.60
2964, 0.04
2965, 0.13
2966, 0.48
2967, 0.57
2968, 0.00
2969, 0.80
2970, 0.00
2971, 0.30
2972, 0.00
2973, 1.00
2974, 0.70
2975, 0.01
2976, 0.75
2977, 0.24
2978, 0.55
2979, 0.31
2980, 0.39
2981, 0.44
2982, 0.12
2983, 0.17
2984, 0.09
2985, 0.49
2986, 0.69
2987, 0.00
2988, 0.31
2989, 0.05
2990, 0.75
2991, 0.62
2992, 1.00
2993, 0.38
2994, 0.64
2995, 0.84
2996, 0.04
2997, 0.86
2998, 0.54
2999, 0.40
3000, 0.00
3001, 0.39
3002, 0.64
3003, 1.00
3004, 1.00
3005, 0.16
3006, 0.06
3007, 0.13
3008, 0.11
3009, 0.11
3010, 0.48
3011, 0.21
3012, 0.41
3013, 0.24
3014, 0.70
3015, 0.42
3016, 0.03
3017, 0.28
3018, 0.68
3019, 0.67
3020, 0.84
3021, 0.31
3022, 0.25
3023, 0.01
3024, 0.42
3025, 0.27
3026, 0.28
3027, 0.39
3028, 0.61
3029, 0.03
3030, 0.61
3031, 1.00
3032, 0.49
3033, 0.00
3034, 0.05
3035, 0.54
3036, 0.23
3037, 0.07
3038, 0.25
3039, 0.52
3040, 0.54
3041, 0.00
3042, 0.02
3043, 0.21
3044, 0.88
3045, 0.81
3046, 0.50
3047, 0.00
3048, 0.04
3049, 0.05
3050, 0.01
3051, 0.61
3052, 0.22
3053, 0.13
3054, 0.00
3055, 0.04
3056, 0.04
3057, 0.88
3058, 0.57
3059, 0.19
3060, 0.44
3061, 0.65
3062, 0.15
3063, 0.29
3064, 0.00
3065, 0.48
3066, 0.58
3067, 0.15
3068, 0.44
3069, 0.83
3070, 0.81
3071, 0.11
3072, 0.84
3073, 0.53
3074, 0.28
3075, 0.52
3076, 0.07
3077, 0.00
3078, 0.01
3079, 0.51
3080, 0.53
3081, 1.00
3082, 1.00
3083, 0.07
3084, 0.74
3085, 0.57
3086, 0.64
3087, 0.72
3088, 0.85
3089, 1.00
3090, 0.74
3091, 0.25
3092, 0.00
3093, 0.65
3094, 1.00
3095, 0.35
3096, 0.25
3097, 0.31
3098, 0.58
3099, 0.29
3100, 1.00
3101, 1.00
3102, 0.01
3103, 0.34
3104, 0.01
3105, 0.03
3106, 0.15
3107, 0.50
3108, 0.28
3109, 0.00
3110, 1.00
3111, 0.57
3112, 0.39
3113, 0.82
3114, 0.00
3115, 0.48
3116, 0.08
3117, 0.55
3118, 0.34
3119, 0.75
3120, 0.18
3121, 0.35
3122, 0.05
3123, 0.54
3124, 1.00
3125, 0.63
3126, 0.54
3127, 0.27
3128, 0.00
3129, 0.60
3130, 1.00
3131, 0.06
3132, 0.67
3133, 1.00
3134, 0.87
3135, 0.77
3136, 0.29
3137, 0.46
3138, 0.33
3139, 0.17
3140, 0.36
3141, 0.56
3142, 1.00
3143, 0.55
3144, 0.26
3145, 0.00
3146, 0.17
3147, 0.11
3148, 0.56
3149, 0.22
3150, 0.45
3151, 0.71
3152, 0.62
3153, 0.05
3154, 1.00
3155, 0.08
3156, 0.87
3157, 0.68
3158, 0.66
3159, 1.00
3160, 1.00
3161, 0.02
3162, 0.21
3163, 1.00
3164, 1.00
3165, 0.67
3166, 0.37
3167, 0.00
3168, 0.25
3169, 0.28
3170, 0.67
3171, 1.00
3172, 0.63
3173, 1.00
3174, 0.02
3175, 0.69
3176, 0.19
3177, 0.10
3178, 0.26
3179, 0.00
3180, 0.04
3181, 0.62
3182, 0.89
3183, 0.74
3184, 0.60
3185, 0.03
3186, 0.00
3187, 0.23
3188, 0.29
3189, 0.53
3190, 0.60
3191, 1.00
3192, 0.60
3193, 0.05
3194, 1.00
3195, 0.00
3196, 0.21
3197, 0.28
3198, 0.32
3199, 0.24
3200, 0.37
3201, 0.59
3202, 0.61
3203, 0.82
3204, 1.00
3205, 0.27
3206, 0.53
3207, 1.00
3208, 0.11
3209, 0.26
3210, 0.12
3211, 1.00
3212, 1.00
3213, 0.00
3214, 0.03
3215, 1.00
3216, 0.00
3217, 0.24
3218, 0.60
3219, 0.49
3220, 0.37
3221, 0.80
3222, 1.00
3223, 0.57
3224, 0.55
3225, 0.64
3226, 0.01
3227, 0.48
3228, 0.15
3229, 0.74
3230, 0.28
3231, 0.06
3232, 1.00
3233, 0.63
3234, 0.22
3235, 0.00
3236, 0.46
3237, 0.30
3238, 0.25
3239, 0.59
3240, 0.04
3241, 0.27
3242, 0.28
3243, 0.22
3244, 0.33
3245, 0.58
3246, 0.51
3247, 1.00
3248, 0.45
3249, 0.90
3250, 0.00
3251, 0.32
3252, 1.00
3253, 0.70
3254, 1.00
3255, 0.49
3256, 0.10
3257, 0.74
3258, 1.00
3259, 0.54
3260, 0.00
3261, 0.00
3262, 0.33
3263, 0.22
3264, 0.03
3265, 0.90
3266, 0.75
3267, 0.00
3268, 0.28
3269, 0.53
3270, 0.63
3271, 0.07
3272, 0.17
3273, 0.52
3274, 1.00
3275, 1.00
3276, 0.00
3277, 0.46
3278, 0.00
3279, 1.00
3280, 0.69
3281, 0.42
3282, 0.49
3283, 0.02
3284, 0.34
3285, 0.45
3286, 1.00
3287, 0.70
3288, 0.07
3289, 0.32
3290, 0.01
3291, 1.00
3292, 1.00
3293, 0.36
3294, 0.12
3295, 0.22
3296, 0.24
3297, 0.21
3298, 0.37
3299, 0.12
3300, 0.35
3301, 0.71
3302, 0.02
3303, 0.30
3304, 0.61
3305, 0.00
3306, 0.09
3307, 0.88
3308, 0.20
3309, 0.47
3310, 1.00
3311, 0.33
3312, 0.73
3313, 1.00
3314, 0.65
3315, 0.00
3316, 0.52
3317, 0.83
3318, 0.58
3319, 0.15
3320, 1.00
3321, 0.61
3322, 0.52
3323, 0.47
3324, 0.24
3325, 0.02
3326, 0.02
3327, 0.00
3328, 0.62
3329, 0.00
3330, 0.43
3331, 0.70
3332, 0.16
3333, 0.03
3334, 0.52
3335, 1.00
3336, 0.00
3337, 0.42
3338, 0.01
3339, 0.74
3340, 1.00
3341, 0.23
3342, 1.00
3343, 0.00
3344, 0.18
3345, 0.59
3346, 0.68
3347, 0.46
3348, 0.10
3349, 0.69
3350, 0.06
3351, 0.70
3352, 0.00
3353, 0.05
3354, 0.46
3355, 0.00
3356, 0.53
3357, 0.21
3358, 0.00
3359, 0.30
3360, 0.64
3361, 1.00
3362, 0.50
3363, 0.04
3364, 0.07
3365, 0.62
3366, 0.12
3367, 0.16
3368, 0.25
3369, 0.00
3370, 0.28
3371, 0.00
3372, 0.15
3373, 0.45
3374, 0.45
3375, 0.59
3376, 0.03
3377, 1.00
3378, 0.03
3379, 0.02
3380, 0.24
3381, 0.00
3382, 0.00
3383, 0.26
3384, 0.00
3385, 0.67
3386, 1.00
3387, 0.22
3388, 0.17
3389, 0.35
3390, 0.59
3391, 0.48
3392, 0.49
3393, 0.00
3394, 0.08
3395, 0.36
3396, 1.00
3397, 0.58
3398, 0.19
3399, 0.63
3400, 1.00
3401, 0.78
3402, 0.00
3403, 0.38
3404, 0.70
3405, 0.16
3406, 0.42
3407, 0.09
3408, 0.23
3409, 0.00
3410, 0.45
3411, 0.60
3412, 1.00
3413, 0.28
3414, 1.00
3415, 0.64
3416, 0.00
3417, 1.00
3418, 0.17
3419, 0.00
3420, 0.00
3421, 0.00
3422, 0.83
3423, 0.00
3424, 0.74
3425, 1.00
3426, 0.71
3427, 0.20
3428, 0.35
3429, 0.67
3430, 0.59
3431, 1.00
3432, 0.00
3433, 0.69
3434, 0.21
3435, 0.39
3436, 0.63
3437, 1.00
3438, 0.00
3439, 0.00
3440, 0.00
3441, 0.29
3442, 0.00
3443, 0.02
3444, 0.39
3445, 0.57
3446, 0.47
3447, 0.60
3448, 0.09
3449, 1.00
3450, 0.00
3451, 0.86
3452, 0.79
3453, 0.51
3454, 1.00
3455, 0.00
3456, 0.00
3457, 1.00
3458, 0.72
3459, 0.72
3460, 0.56
3461, 0.01
3462, 1.00
3463, 1.00
3464, 0.00
3465, 0.00
3466, 0.10
3467, 0.29
3468, 0.01
3469, 0.42
3470, 0.00
3471, 0.54
3472, 0.03
3473, 0.26
3474, 0.31
3475, 0.82
3476, 0.76
3477, 0.14
3478, 0.79
3479, 0.74
3480, 0.22
3481, 0.06
3482, 0.30
3483, 0.64
3484, 0.00
3485, 1.00
3486, 0.60
3487, 0.85
3488, 0.21
3489, 0.70
3490, 0.83
3491, 0.23
3492, 1.00
3493, 0.39
3494, 0.03
3495, 0.43
3496, 0.00
3497, 0.50
3498, 0.46
3499, 0.78
3500, 0.00
3501, 0.38
3502, 0.21
3503, 0.05
3504, 0.00
3505, 0.91
3506, 0.00
3507, 0.01
3508, 0.55
3509, 0.65
3510, 0.55
3511, 0.78
3512, 0.08
3513, 0.58
3514, 0.79
3515, 0.03
3516, 1.00
3517, 0.25
3518, 0.00
3519, 0.25
3520, 0.48
3521, 0.66
3522, 0.00
3523, 0.29
3524, 0.20
3525, 1.00
3526, 0.11
3527, 0.49
3528, 1.00
3529, 0.35
3530, 0.31
3531, 0.17
3532, 0.34
3533, 0.83
3534, 0.25
3535, 0.48
3536, 0.03
3537, 0.15
3538, 0.58
3539, 0.61
3540, 0.70
3541, 1.00
3542, 0.00
3543, 0.44
3544, 0.00
3545, 0.11
3546, 0.44
3547, 0.79
3548, 0.41
3549, 0.07
3550, 0.14
3551, 0.48
3552, 0.52
3553, 0.50
3554, 1.00
3555, 0.21
3556, 0.82
3557, 0.00
3558, 0.36
3559, 0.60
3560, 0.00
3561, 1.00
3562, 0.02
3563, 0.00
3564, 0.00
3565, 0.00
3566, 0.52
3567, 0.77
3568, 0.00
3569, 1.00
3570, 0.21
3571, 0.26
3572, 0.00
3573, 0.65
3574, 1.00
3575, 0.30
3576, 0.11
3577, 0.27
3578, 0.23
3579, 0.00
3580, 0.04
3581, 0.79
3582, 0.19
3583, 0.14
3584, 0.49
3585, 1.00
3586, 1.00
3587, 0.00
3588, 0.32
3589, 0.29
3590, 0.00
3591, 0.74
3592, 0.53
3593, 0.20
3594, 0.00
3595, 1.00
3596, 0.00
3597, 0.00
3598, 0.17
3599, 0.76
3600, 0.00
3601, 0.02
3602, 0.00
3603, 1.00
3604, 0.06
3605, 0.45
3606, 0.84
3607, 0.00
3608, 0.37
3609, 0.70
3610, 0.00
3611, 0.58
3612, 0.81
3613, 0.19
3614, 0.48
3615, 0.00
3616, 1.00
3617, 0.57
3618, 0.14
3619, 0.00
3620, 0.21
3621, 0.00
3622, 0.08
3623, 1.00
3624, 0.33
3625, 1.00
3626, 0.31
3627, 1.00
3628, 0.18
3629, 0.21
3630, 0.21
3631, 1.00
3632, 0.64
3633, 0.00
3634, 0.65
3635, 0.27
3636, 0.78
3637, 0.27
3638, 0.60
3639, 0.08
3640, 0.64
3641, 0.05
3642, 0.77
3643, 1.00
3644, 1.00
3645, 0.11
3646, 1.00
3647, 0.01
3648, 0.21
3649, 0.50
3650, 0.00
3651, 0.45
3652, 0.34
3653, 1.00
3654, 0.84
3655, 1.00
3656, 0.00
3657, 0.00
3658, 0.03
3659, 0.67
3660, 1.00
3661, 0.46
3662, 0.52
3663, 0.18
3664, 0.32
3665, 0.12
3666, 1.00
3667, 0.63
3668, 0.77
3669, 0.08
3670, 0.16
3671, 0.43
3672, 0.33
3673, 0.81
3674, 0.86
3675, 0.78
3676, 0.00
3677, 0.56
3678, 0.56
3679, 0.22
3680, 0.40
3681, 0.15
3682, 0.00
3683, 0.25
3684, 0.41
3685, 0.32
3686, 0.60
3687, 0.04
3688, 0.03
3689, 0.24
3690, 0.00
3691, 0.00
3692, 0.53
3693, 0.19
3694, 1.00
3695, 0.93
3696, 0.52
3697, 0.63
3698, 0.04
3699, 0.00
3700, 1.00
3701, 0.30
3702, 0.63
3703, 0.15
3704, 0.43
3705, 1.00
3706, 0.56
3707, 0.75
3708, 0.54
3709, 0.29
3710, 0.00
3711, 0.55
3712, 0.17
3713, 0.27
3714, 0.18
3715, 0.69
3716, 0.49
3717, 1.00
3718, 0.00
3719, 0.09
3720, 0.00
3721, 1.00
3722, 0.33
3723, 0.63
3724, 0.93
3725, 0.12
3726, 0.01
3727, 1.00
3728, 0.50
3729, 0.45
3730, 0.84
3731, 0.26
3732, 0.78
3733, 0.28
3734, 1.00
3735, 0.62
3736, 0.56
3737, 0.40
3738, 0.52
3739, 0.74
3740, 0.14
3741, 0.07
3742, 0.08
3743, 0.68
3744, 0.23
3745, 1.00
3746, 0.78
3747, 1.00
3748, 0.04
3749, 0.87
3750, 0.66
3751, 0.11
3752, 0.64
3753, 0.90
3754, 1.00
3755, 0.27
3756, 0.17
3757, 0.57
3758, 1.00
3759, 0.10
3760, 0.00
3761, 0.00
3762, 1.00
3763, 1.00
3764, 0.00
3765, 0.70
3766, 0.16
3767, 0.31
3768, 0.09
3769, 1.00
3770, 0.13
3771, 0.31
3772, 0.00
3773, 0.78
3774, 0.30
3775, 0.51
3776, 0.40
3777, 0.00
3778, 0.07
3779, 0.51
3780, 0.56
3781, 0.78
3782, 0.63
3783, 0.28
3784, 0.42
3785, 0.44
3786, 1.00
3787, 0.63
3788, 0.34
3789, 0.19
3790, 0.63
3791, 0.38
3792, 0.46
3793, 0.74
3794, 0.61
3795, 0.79
3796, 0.59
3797, 0.72
3798, 1.00
3799, 0.18
3800, 1.00
3801, 0.13
3802, 0.11
3803, 1.00
3804, 0.86
3805, 0.29
3806, 0.16
3807, 0.49
3808, 0.81
3809, 0.29
3810, 0.00
3811, 0.17
3812, 0.00
3813, 0.16
3814, 0.32
3815, 1.00
3816, 0.00
3817, 0.27
3818, 0.00
3819, 0.48
3820, 0.52
3821, 0.23
3822, 0.21
3823, 0.73
3824, 0.39
3825, 0.01
3826, 0.35
3827, 0.45
3828, 1.00
3829, 0.15
3830, 0.33
3831, 0.46
3832, 0.00
3833, 1.00
3834, 0.84
3835, 0.00
3836, 1.00
3837, 0.63
3838, 0.00
3839, 0.36
3840, 0.00
3841, 0.00
3842, 0.20
3843, 1.00
3844, 0.00
3845, 0.03
3846, 0.06
3847, 0.65
3848, 0.01
3849, 0.60
3850, 0.04
3851, 0.42
3852, 0.30
3853, 0.47
3854, 0.51
3855, 1.00
3856, 0.00
3857, 1.00
3858, 0.95
3859, 0.65
3860, 0.47
3861, 1.00
3862, 0.00
3863, 0.64
3864, 0.00
3865, 0.42
3866, 0.19
3867, 0.76
3868, 0.00
3869, 0.23
3870, 0.76
3871, 0.22
3872, 0.65
3873, 1.00
3874, 0.54
3875, 1.00
3876, 0.68
3877, 0.47
3878, 0.85
3879, 0.18
3880, 0.82
3881, 0.30
3882, 0.69
3883, 0.53
3884, 0.48
3885, 0.03
3886, 0.00
3887, 0.00
3888, 0.29
3889, 0.53
3890, 0.26
3891, 0.44
3892, 0.00
3893, 0.00
3894, 0.16
3895, 0.00
3896, 0.82
3897, 0.03
3898, 0.77
3899, 0.13
3900, 0.23
3901, 0.61
3902, 0.83
3903, 0.54
3904, 1.00
3905, 0.60
3906, 0.38
3907, 0.75
3908, 1.00
3909, 0.37
3910, 0.16
3911, 0.04
3912, 0.29
3913, 0.57
3914, 0.11
3915, 0.64
3916, 0.00
3917, 0.07
3918, 0.40
3919, 0.49
3920, 0.43
3921, 0.38
3922, 0.15
3923, 0.43
3924, 1.00
3925, 0.25
3926, 0.04
3927, 0.17
3928, 1.00
3929, 1.00
3930, 0.07
3931, 0.74
3932, 0.89
3933, 0.19
3934, 0.40
3935, 0.27
3936, 0.84
3937, 0.26
3938, 0.58
3939, 0.68
3940, 1.00
3941, 0.24
3942, 0.32
3943, 0.72
3944, 1.00
3945, 0.34
3946, 0.37
3947, 0.26
3948, 0.00
3949, 1.00
3950, 0.60
3951, 0.22
3952, 1.00
3953, 0.06
3954, 0.34
3955, 0.00
3956, 0.07
3957, 0.28
3958, 0.61
3959, 1.00
3960, 0.00
3961, 0.85
3962, 0.42
3963, 0.82
3964, 1.00
3965, 1.00
3966, 0.30
3967, 0.31
3968, 0.04
3969, 0.04
3970, 0.14
3971, 0.34
3972, 0.70
3973, 0.18
3974, 0.31
3975, 0.08
3976, 0.54
3977, 0.45
3978, 1.00
3979, 0.16
3980, 0.03
3981, 0.59
3982, 0.38
3983, 1.00
3984, 0.36
3985, 0.85
3986, 0.07
3987, 0.00
3988, 1.00
3989, 0.77
3990, 0.03
3991, 0.24
3992, 0.85
3993, 0.32
3994, 0.94
3995, 0.26
3996, 0.00
3997, 0.06
3998, 0.35
3999, 0.39
4000, 0.39
4001, 0.45
4002, 0.15
4003, 1.00
4004, 0.39
4005, 0.63
4006, 0.21
4007, 0.45
4008, 0.52
4009, 0.67
4010, 0.28
4011, 1.00
4012, 0.23
4013, 0.72
4014, 0.02
4015, 0.01
4016, 0.00
4017, 0.00
4018, 0.51
4019, 0.79
4020, 0.71
4021, 0.41
4022, 0.83
4023, 0.34
4024, 0.54
4025, 0.77
4026, 0.33
4027, 0.59
4028, 0.67
4029, 1.00
4030, 0.75
4031, 0.00
4032, 0.40
4033, 0.75
4034, 0.55
4035, 0.39
4036, 0.37
4037, 0.14
4038, 0.84
4039, 1.00
4040, 0.47
4041, 0.31
4042, 0.55
4043, 0.67
4044, 0.36
4045, 0.37
4046, 1.00
4047, 0.37
4048, 0.55
4049, 0.85
4050, 0.77
4051, 0.40
4052, 0.17
4053, 0.05
4054, 0.01
4055, 0.15
4056, 0.01
4057, 0.67
4058, 1.00
4059, 0.30
4060, 0.33
4061, 0.08
4062, 0.48
4063, 0.04
4064, 0.40
4065, 0.64
4066, 1.00
4067, 0.01
4068, 1.00
4069, 0.69
4070, 0.00
4071, 1.00
4072, 0.13
4073, 1.00
4074, 0.23
4075, 0.70
4076, 0.02
4077, 0.26
4078, 1.00
4079, 0.39
4080, 0.30
4081, 0.56
4082, 0.07
4083, 0.75
4084, 0.83
4085, 0.62
4086, 0.40
4087, 1.00
4088, 0.05
4089, 0.62
4090, 1.00
4091, 1.00
4092, 1.00
4093, 0.26
4094, 0.30
4095, 0.36
4096, 0.74
4097, 0.30
4098, 0.00
4099, 0.04
4100, 0.00
4101, 0.00
4102, 0.88
4103, 0.61
4104, 0.00
4105, 0.21
4106, 0.62
4107, 0.68
4108, 1.00
4109, 0.01
4110, 1.00
4111, 1.00
4112, 1.00
4113, 0.75
4114, 0.43
4115, 0.09
4116, 0.46
4117, 0.51
4118, 0.30
4119, 0.15
4120, 0.85
4121, 0.53
4122, 0.29
4123, 0.00
4124, 0.27
4125, 0.35
4126, 0.06
4127, 0.00
4128, 0.70
4129, 0.68
4130, 0.71
4131, 0.71
4132, 0.85
4133, 1.00
4134, 0.67
4135, 0.61
4136, 0.68
4137, 0.18
4138, 0.05
4139, 0.85
4140, 0.31
4141, 1.00
4142, 0.00
4143, 0.17
4144, 0.00
4145, 0.47
4146, 1.00
4147, 0.58
4148, 0.00
4149, 0.00
4150, 0.79
4151, 0.82
4152, 0.24
4153, 0.56
4154, 0.75
4155, 1.00
4156, 0.05
4157, 0.66
4158, 0.57
4159, 0.74
4160, 0.15
4161, 0.00
4162, 0.00
4163, 0.31
4164, 0.26
4165, 1.00
4166, 0.50
4167, 0.07
4168, 0.36
4169, 0.70
4170, 0.77
4171, 0.55
4172, 0.83
4173, 0.41
4174, 0.00
4175, 0.00
4176, 1.00
4177, 1.00
4178, 0.53
4179, 1.00
4180, 0.21
4181, 0.31
4182, 0.13
4183, 0.36
4184, 0.39
4185, 0.30
4186, 0.71
4187, 0.23
4188, 1.00
4189, 0.76
4190, 0.10
4191, 0.33
4192, 0.23
4193, 1.00
4194, 0.42
4195, 0.11
4196, 0.61
4197, 0.36
4198, 0.55
4199, 0.40
4200, 0.59
4201, 0.00
4202, 0.15
4203, 0.38
4204, 0.22
4205, 0.00
4206, 0.82
4207, 0.00
4208, 0.78
4209, 0.01
4210, 0.43
4211, 0.22
4212, 0.48
4213, 1.00
4214, 0.01
4215, 1.00
4216, 1.00
4217, 0.00
4218, 0.62
4219, 1.00
4220, 0.33
4221, 0.30
4222, 0.69
4223, 0.07
4224, 0.15
4225, 0.21
4226, 0.00
4227, 0.37
4228, 0.45
4229, 0.10
4230, 0.16
4231, 0.38
4232, 1.00
4233, 0.64
4234, 0.36
4235, 0.32
4236, 0.37
4237, 0.02
4238, 0.06
4239, 1.00
4240, 0.82
4241, 0.76
4242, 1.00
4243, 0.75
4244, 0.29
4245, 0.42
4246, 0.00
4247, 1.00
4248, 0.16
4249, 0.01
4250, 0.00
4251, 0.54
4252, 1.00
4253, 0.17
4254, 0.59
4255, 0.01
4256, 0.39
4257, 0.00
4258, 0.68
4259, 0.21
4260, 1.00
4261, 1.00
4262, 0.70
4263, 0.20
4264, 0.17
4265, 0.14
4266, 1.00
4267, 0.23
4268, 1.00
4269, 0.58
4270, 0.54
4271, 0.00
4272, 0.00
4273, 0.24
4274, 0.09
4275, 0.67
4276, 0.35
4277, 0.00
4278, 0.18
4279, 0.60
4280, 0.23
4281, 0.37
4282, 1.00
4283, 0.12
4284, 0.67
4285, 1.00
4286, 0.24
4287, 0.21
4288, 0.80
4289, 0.09
4290, 0.04
4291, 0.30
4292, 0.43
4293, 0.69
4294, 0.86
4295, 0.80
4296, 0.53
4297, 0.03
4298, 0.00
4299, 0.17
4300, 0.12
4301, 0.26
4302, 0.63
4303, 0.39
4304, 0.50
4305, 1.00
4306, 0.58
4307, 0.11
4308, 0.00
4309, 0.32
4310, 0.59
4311, 0.19
4312, 0.07
4313, 0.26
4314, 0.05
4315, 0.48
4316, 0.05
4317, 0.12
4318, 0.46
4319, 0.00
4320, 0.07
4321, 1.00
4322, 0.31
4323, 1.00
4324, 0.32
4325, 0.39
4326, 0.15
4327, 0.30
4328, 0.71
4329, 0.77
4330, 0.10
4331, 0.00
4332, 1.00
4333, 1.00
4334, 0.76
4335, 0.41
4336, 0.31
4337, 0.00
4338, 0.69
4339, 1.00
4340, 1.00
4341, 0.00
4342, 0.67
4343, 0.04
4344, 0.35
4345, 0.43
4346, 0.25
4347, 0.05
4348, 0.01
4349, 0.24
4350, 0.82
4351, 0.63
4352, 0.03
4353, 1.00
4354, 0.17
4355, 0.37
4356, 0.05
4357, 0.70
4358, 0.07
4359, 0.83
4360, 0.23
4361, 0.50
4362, 0.66
4363, 1.00
4364, 0.05
4365, 1.00
4366, 0.39
4367, 1.00
4368, 1.00
4369, 0.83
4370, 0.66
4371, 0.13
4372, 0.27
4373, 0.00
4374, 0.53
4375, 0.08
4376, 0.71
4377, 0.21
4378, 0.36
4379, 0.79
4380, 0.53
4381, 0.64
4382, 0.73
4383, 1.00
4384, 0.66
4385, 0.21
4386, 0.82
4387, 0.64
4388, 1.00
4389, 0.51
4390, 0.00
4391, 0.02
4392, 0.35
4393, 0.00
4394, 1.00
4395, 0.78
4396, 0.01
4397, 0.74
4398, 0.26
4399, 0.21
4400, 1.00
4401, 0.14
4402, 0.38
4403, 0.32
4404, 0.80
4405, 0.49
4406, 0.23
4407, 0.00
4408, 1.00
4409, 0.00
4410, 0.79
4411, 0.03
4412, 0.91
4413, 0.98
4414, 0.03
4415, 0.00
4416, 0.30
4417, 0.01
4418, 0.00
4419, 0.62
4420, 0.81
4421, 0.00
4422, 0.25
4423, 0.41
4424, 1.00
4425, 0.75
4426, 0.08
4427, 0.16
4428, 0.00
4429, 0.84
4430, 0.10
4431, 0.32
4432, 0.28
4433, 0.64
4434, 0.37
4435, 0.31
4436, 0.25
4437, 0.55
4438, 0.08
4439, 1.00
4440, 1.00
4441, 0.35
4442, 0.78
4443, 0.20
4444, 0.00
4445, 0.20
4446, 0.58
4447, 1.00
4448, 0.58
4449, 0.83
4450, 0.74
4451, 0.61
4452, 0.22
4453, 0.82
4454, 0.23
4455, 0.03
4456, 0.08
4457, 0.64
4458, 1.00
4459, 0.57
4460, 0.33
4461, 0.25
4462, 0.09
4463, 0.09
4464, 0.00
4465, 0.46
4466, 0.30
4467, 0.03
4468, 0.46
4469, 1.00
4470, 1.00
4471, 0.03
4472, 0.05
4473, 0.21
4474, 0.21
4475, 0.42
4476, 1.00
4477, 0.09
4478, 1.00
4479, 0.29
4480, 0.80
4481, 0.51
4482, 0.40
4483, 0.42
4484, 0.17
4485, 0.00
4486, 0.13
4487, 0.78
4488, 0.82
4489, 0.54
4490, 0.00
4491, 0.29
4492, 0.32
4493, 0.20
4494, 0.24
4495, 1.00
4496, 0.03
4497, 0.50
4498, 1.00
4499, 0.04
4500, 0.00
4501, 1.00
4502, 1.00
4503, 0.61
4504, 0.33
4505, 0.32
4506, 0.09
4507, 0.00
4508, 0.64
4509, 0.51
4510, 0.53
4511, 0.65
4512, 0.33
4513, 0.13
4514, 1.00
4515, 0.43
4516, 0.40
4517, 0.57
4518, 0.73
4519, 0.57
4520, 0.22
4521, 0.00
4522, 0.66
4523, 1.00
4524, 0.23
4525, 0.00
4526, 0.13
4527, 1.00
4528, 0.69
4529, 0.71
4530, 0.05
4531, 0.69
4532, 0.46
4533, 0.52
4534, 1.00
4535, 0.00
4536, 0.15
4537, 1.00
4538, 0.10
4539, 0.00
4540, 0.43
4541, 0.64
4542, 0.00
4543, 0.06
4544, 0.13
4545, 1.00
4546, 0.17
4547, 0.15
4548, 0.53
4549, 0.27
4550, 0.48
4551, 0.14
4552, 0.07
4553, 1.00
4554, 0.51
4555, 0.73
4556, 0.90
4557, 0.65
4558, 0.07
4559, 0.58
4560, 0.52
4561, 0.78
4562, 0.32
4563, 1.00
4564, 1.00
4565, 0.79
4566, 0.34
4567, 0.28
4568, 0.11
4569, 1.00
4570, 0.00
4571, 0.60
4572, 0.29
4573, 0.64
4574, 0.12
4575, 1.00
4576, 1.00
4577, 0.22
4578, 0.25
4579, 0.78
4580, 0.00
4581, 1.00
4582, 1.00
4583, 0.60
4584, 0.53
4585, 1.00
4586, 0.12
4587, 1.00
4588, 1.00
4589, 0.06
4590, 0.00
4591, 0.39
4592, 0.37
4593, 0.07
4594, 0.12
4595, 1.00
4596, 0.65
4597, 0.54
4598, 0.33
4599, 0.28
4600, 0.14
4601, 0.00
4602, 0.60
4603, 0.09
4604, 0.31
4605, 0.54
4606, 0.37
4607, 0.00
4608, 0.17
4609, 0.40
4610, 0.00
4611, 0.61
4612, 0.63
4613, 0.00
4614, 0.27
4615, 0.00
4616, 0.33
4617, 1.00
4618, 1.00
4619, 0.00
4620, 0.16
4621, 0.06
4622, 1.00
4623, 1.00
4624, 0.85
4625, 0.68
4626, 1.00
4627, 0.00
4628, 0.00
4629, 1.00
4630, 0.72
4631, 0.14
4632, 0.67
4633, 0.57
4634, 0.63
4635, 0.25
4636, 1.00
4637, 0.46
4638, 0.33
4639, 1.00
4640, 1.00
4641, 0.41
4642, 0.00
4643, 0.59
4644, 0.77
4645, 0.12
4646, 0.33
4647, 0.50
4648, 0.51
4649, 0.73
4650, 0.00
4651, 0.74
4652, 0.25
4653, 0.49
4654, 0.09
4655, 0.57
4656, 1.00
4657, 0.31
4658, 0.04
4659, 0.01
4660, 0.33
4661, 0.31
4662, 0.64
4663, 0.00
4664, 1.00
4665, 0.39
4666, 0.50
4667, 1.00
4668, 0.32
4669, 0.09
4670, 0.18
4671, 0.24
4672, 1.00
4673, 0.00
4674, 1.00
4675, 0.43
4676, 0.00
4677, 0.25
4678, 0.00
4679, 0.01
4680, 0.30
4681, 1.00
4682, 1.00
4683, 1.00
4684, 1.00
4685, 1.00
4686, 0.00
4687, 0.06
4688, 0.05
4689, 0.59
4690, 1.00
4691, 0.25
4692, 0.68
4693, 0.73
4694, 0.39
4695, 0.66
4696, 0.00
4697, 0.36
4698, 0.01
4699, 0.35
4700, 0.56
4701, 1.00
4702, 0.55
4703, 0.70
4704, 0.03
4705, 0.42
4706, 0.50
4707, 0.51
4708, 1.00
4709, 1.00
4710, 0.38
4711, 0.54
4712, 0.00
4713, 0.84
4714, 0.19
4715, 0.28
4716, 0.72
4717, 0.08
4718, 1.00
4719, 1.00
4720, 0.26
4721, 0.80
4722, 0.58
4723, 0.58
4724, 0.23
4725, 0.00
4726, 0.04
4727, 0.57
4728, 0.76
4729, 0.22
4730, 0.47
4731, 0.22
4732, 0.62
4733, 0.41
4734, 0.45
4735, 0.82
4736, 0.52
4737, 0.30
4738, 0.71
4739, 0.86
4740, 0.10
4741, 0.69
4742, 0.81
4743, 1.00
4744, 0.64
4745, 0.54
4746, 0.36
4747, 0.80
4748, 0.55
4749, 1.00
4750, 0.69
4751, 0.42
4752, 0.35
4753, 0.15
4754, 0.35
4755, 1.00
4756, 0.23
4757, 0.89
4758, 1.00
4759, 0.47
4760, 0.00
4761, 0.40
4762, 1.00
4763, 0.01
4764, 0.00
4765, 0.20
4766, 0.02
4767, 0.28
4768, 0.54
4769, 0.01
4770, 0.55
4771, 1.00
4772, 0.26
4773, 0.48
4774, 0.76
4775, 0.70
4776, 0.43
4777, 0.17
4778, 0.30
4779, 0.68
4780, 0.85
4781, 1.00
4782, 0.27
4783, 1.00
4784, 1.00
4785, 1.00
4786, 1.00
4787, 1.00
4788, 0.07
4789, 0.45
4790, 0.40
4791, 0.77
4792, 0.71
4793, 0.10
4794, 0.01
4795, 1.00
4796, 1.00
4797, 0.69
4798, 0.31
4799, 0.34
4800, 0.35
4801, 0.10
4802, 0.00
4803, 0.16
4804, 0.80
4805, 0.65
4806, 0.91
4807, 0.11
4808, 0.78
4809, 0.53
4810, 0.58
4811, 0.42
4812, 0.16
4813, 0.19
4814, 0.00
4815, 0.74
4816, 0.30
4817, 0.93
4818, 0.19
4819, 0.19
4820, 1.00
4821, 0.30
4822, 0.00
4823, 0.03
4824, 0.60
4825, 0.00
4826, 0.44
4827, 0.54
4828, 0.35
4829, 1.00
4830, 0.55
4831, 0.24
4832, 0.01
4833, 1.00
4834, 0.24
4835, 0.54
4836, 1.00
4837, 0.00
4838, 0.18
4839, 0.00
4840, 0.35
4841, 0.17
4842, 0.34
4843, 0.45
4844, 0.64
4845, 0.16
4846, 1.00
4847, 0.21
4848, 1.00
4849, 0.07
4850, 0.23
4851, 0.00
4852, 0.69
4853, 0.40
4854, 0.00
4855, 0.07
4856, 0.00
4857, 0.75
4858, 0.74
4859, 0.12
4860, 0.68
4861, 0.00
4862, 0.73
4863, 0.29
4864, 1.00
4865, 0.00
4866, 1.00
4867, 0.48
4868, 0.00
4869, 0.79
4870, 0.49
4871, 1.00
4872, 0.77
4873, 0.73
4874, 0.27
4875, 0.28
4876, 0.23
4877, 1.00
4878, 0.77
4879, 0.35
4880, 1.00
4881, 0.83
4882, 1.00
4883, 1.00
4884, 0.24
4885, 0.02
4886, 0.61
4887, 0.40
4888, 0.25
4889, 0.42
4890, 0.64
4891, 0.01
4892, 0.00
4893, 0.00
4894, 0.00
4895, 0.56
4896, 0.42
4897, 0.56
4898, 0.01
4899, 0.64
4900, 0.63
4901, 0.51
4902, 0.25
4903, 0.71
4904, 0.32
4905, 0.21
4906, 1.00
4907, 0.32
4908, 0.00
4909, 0.50
4910, 0.52
4911, 0.63
4912, 1.00
4913, 0.27
4914, 0.31
4915, 1.00
4916, 1.00
4917, 0.76
4918, 0.83
4919, 0.06
4920, 0.02
4921, 0.14
4922, 0.00
4923, 1.00
4924, 0.82
4925, 0.76
4926, 0.02
4927, 1.00
4928, 0.24
4929, 1.00
4930, 1.00
4931, 0.39
4932, 0.11
4933, 0.01
4934, 0.15
4935, 0.15
4936, 0.37
4937, 0.97
4938, 0.74
4939, 1.00
4940, 0.17
4941, 0.25
4942, 0.24
4943, 0.63
4944, 1.00
4945, 0.14
4946, 1.00
4947, 0.49
4948, 0.00
4949, 0.22
4950, 0.48
4951, 0.58
4952, 0.61
4953, 0.75
4954, 0.31
4955, 0.12
4956, 0.14
4957, 0.66
4958, 0.09
4959, 0.03
4960, 0.37
4961, 1.00
4962, 0.02
4963, 0.04
4964, 0.43
4965, 0.57
4966, 0.86
4967, 0.25
4968, 0.51
4969, 1.00
4970, 0.04
4971, 0.59
4972, 0.07
4973, 0.33
4974, 0.45
4975, 0.40
4976, 0.17
4977, 0.61
4978, 0.11
4979, 0.13
4980, 0.46
4981, 0.11
4982, 0.18
4983, 0.85
4984, 0.23
4985, 0.84
4986, 0.96
4987, 0.33
4988, 1.00
4989, 0.70
4990, 0.00
4991, 1.00
4992, 0.00
4993, 0.52
4994, 0.27
4995, 0.96
4996, 0.09
4997, 0.18
4998, 0.22
4999, 0.69
5000, 1.00
5001, 0.01
5002, 0.78
5003, 0.50
5004, 0.00
5005, 0.03
5006, 0.55
5007, 0.27
5008, 0.54
5009, 0.04
5010, 0.22
5011, 0.00
5012, 0.22
5013, 0.60
5014, 1.00
5015, 0.04
5016, 0.60
5017, 0.55
5018, 1.00
5019, 0.69
5020, 1.00
5021, 0.00
5022, 1.00
5023, 1.00
5024, 0.28
5025, 0.24
5026, 0.12
5027, 0.42
5028, 0.39
5029, 0.00
5030, 0.05
5031, 0.19
5032, 0.02
5033, 0.83
5034, 0.00
5035, 0.20
5036, 0.45
5037, 0.23
5038, 0.74
5039, 0.12
5040, 0.49
5041, 0.25
5042, 1.00
5043, 0.00
5044, 0.63
5045, 0.53
5046, 1.00
5047, 0.34
5048, 0.49
5049, 0.31
5050, 0.79
5051, 0.11
5052, 0.07
5053, 1.00
5054, 0.28
5055, 0.47
5056, 0.32
5057, 0.00
5058, 0.18
5059, 1.00
5060, 1.00
5061, 0.04
5062, 0.83
5063, 0.81
5064, 0.47
5065, 0.00
5066, 0.10
5067, 0.86
5068, 0.69
5069, 0.60
5070, 0.68
5071, 0.47
5072, 0.63
5073, 1.00
5074, 0.09
5075, 0.14
5076, 0.46
5077, 0.46
5078, 1.00
5079, 1.00
5080, 0.62
5081, 0.08
5082, 0.20
5083, 0.02
5084, 0.75
5085, 1.00
5086, 0.40
5087, 0.40
5088, 0.74
5089, 1.00
5090, 0.33
5091, 0.57
5092, 0.16
5093, 0.02
5094, 0.00
5095, 0.63
5096, 0.03
5097, 0.17
5098, 0.07
5099, 0.88
5100, 0.50
5101, 0.72
5102, 0.00
5103, 0.79
5104, 0.35
5105, 0.40
5106, 0.61
5107, 0.82
5108, 0.65
5109, 1.00
5110, 0.00
5111, 0.30
5112, 0.09
5113, 0.00
5114, 0.16
5115, 0.35
5116, 0.18
5117, 1.00
5118, 0.19
5119, 0.34
5120, 0.72
5121, 0.60
5122, 0.05
5123, 0.17
5124, 0.70
5125, 1.00
5126, 0.33
5127, 0.00
5128, 0.22
5129, 0.63
5130, 0.23
5131, 0.00
5132, 0.18
5133, 0.71
5134, 0.94
5135, 0.35
5136, 0.23
5137, 0.07
5138, 0.86
5139, 0.49
5140, 1.00
5141, 0.43
5142, 1.00
5143, 0.60
5144, 1.00
5145, 0.78
5146, 0.62
5147, 0.48
5148, 0.62
5149, 0.50
5150, 0.39
5151, 0.43
5152, 0.00
5153, 0.76
5154, 0.00
5155, 0.04
5156, 0.00
5157, 0.47
5158, 0.63
5159, 0.56
5160, 0.03
5161, 0.16
5162, 0.11
5163, 0.51
5164, 0.80
5165, 0.62
5166, 0.18
5167, 0.49
5168, 0.37
5169, 0.36
5170, 0.62
5171, 1.00
5172, 0.10
5173, 0.04
5174, 0.77
5175, 0.00
5176, 1.00
5177, 0.44
5178, 0.73
5179, 0.16
5180, 0.40
5181, 1.00
5182, 0.01
5183, 0.33
5184, 1.00
5185, 1.00
5186, 0.29
5187, 0.04
5188, 0.00
5189, 0.06
5190, 0.60
5191, 0.24
5192, 0.26
5193, 0.54
5194, 0.68
5195, 1.00
5196, 0.20
5197, 0.00
5198, 0.76
5199, 0.00
5200, 1.00
5201, 0.43
5202, 0.27
5203, 0.64
5204, 0.00
5205, 0.87
5206, 0.16
5207, 1.00
5208, 0.39
5209, 0.11
5210, 0.41
5211, 0.21
5212, 0.66
5213, 1.00
5214, 0.32
5215, 0.24
5216, 0.00
5217, 0.31
5218, 0.02
5219, 0.27
5220, 0.69
5221, 0.00
5222, 0.00
5223, 0.49
5224, 0.38
5225, 0.55
5226, 0.23
5227, 0.00
5228, 0.31
5229, 0.00
5230, 0.30
5231, 0.00
5232, 0.75
5233, 0.27
5234, 0.00
5235, 1.00
5236, 0.03
5237, 0.31
5238, 0.08
5239, 0.31
5240, 0.74
5241, 1.00
5242, 0.00
5243, 0.28
5244, 1.00
5245, 0.00
5246, 1.00
5247, 1.00
5248, 0.71
5249, 0.51
5250, 0.56
5251, 0.39
5252, 0.64
5253, 0.00
5254, 0.06
5255, 0.11
5256, 0.63
5257, 0.00
5258, 0.84
5259, 0.75
5260, 0.05
5261, 1.00
5262, 0.35
5263, 0.66
5264, 0.58
5265, 0.39
5266, 0.31
5267, 1.00
5268, 0.00
5269, 0.59
5270, 0.08
5271, 0.46
5272, 1.00
5273, 0.00
5274, 0.84
5275, 0.28
5276, 0.35
5277, 0.05
5278, 0.19
5279, 0.68
5280, 0.28
5281, 1.00
5282, 0.28
5283, 1.00
5284, 1.00
5285, 0.29
5286, 0.00
5287, 0.50
5288, 1.00
5289, 0.41
5290, 0.79
5291, 1.00
5292, 0.26
5293, 0.36
5294, 0.00
5295, 0.00
5296, 0.00
5297, 0.68
5298, 0.40
5299, 1.00
5300, 0.90
5301, 0.65
5302, 0.01
5303, 1.00
5304, 0.57
5305, 0.55
5306, 0.51
5307, 0.67
5308, 1.00
5309, 0.58
5310, 0.45
5311, 0.18
5312, 0.40
5313, 0.41
5314, 1.00
5315, 1.00
5316, 0.49
5317, 0.00
5318, 0.32
5319, 1.00
5320, 1.00
5321, 0.31
5322, 0.78
5323, 0.11
5324, 0.25
5325, 0.18
5326, 0.06
5327, 0.37
5328, 0.26
5329, 0.32
5330, 0.62
5331, 0.59
5332, 0.00
5333, 0.19
5334, 0.11
5335, 0.24
5336, 0.22
5337, 0.27
5338, 0.02
5339, 0.00
5340, 0.00
5341, 0.63
5342, 0.35
5343, 0.57
5344, 0.02
5345, 0.40
5346, 0.54
5347, 0.62
5348, 0.79
5349, 0.69
5350, 0.96
5351, 1.00
5352, 0.66
5353, 0.66
5354, 0.21
5355, 1.00
5356, 1.00
5357, 0.46
5358, 0.40
5359, 0.17
5360, 0.08
5361, 1.00
5362, 0.70
5363, 0.57
5364, 0.56
5365, 0.61
5366, 0.01
5367, 1.00
5368, 0.50
5369, 0.44
5370, 1.00
5371, 0.78
5372, 0.00
5373, 0.13
5374, 0.28
5375, 1.00
5376, 0.00
5377, 0.78
5378, 1.00
5379, 0.06
5380, 0.07
5381, 0.00
5382, 0.10
5383, 0.49
5384, 0.75
5385, 0.45
5386, 0.26
5387, 0.03
5388, 0.00
5389, 0.56
5390, 0.09
5391, 0.37
5392, 0.48
5393, 1.00
5394, 0.52
5395, 0.47
5396, 1.00
5397, 0.35
5398, 0.52
5399, 0.58
5400, 0.41
5401, 0.00
5402, 0.27
5403, 0.11
5404, 0.08
5405, 0.00
5406, 0.11
5407, 0.00
5408, 0.76
5409, 0.25
5410, 0.05
5411, 0.01
5412, 1.00
5413, 0.08
5414, 1.00
5415, 0.33
5416, 0.82
5417, 0.00
5418, 0.00
5419, 1.00
5420, 0.13
5421, 0.60
5422, 0.55
5423, 1.00
5424, 0.00
5425, 0.74
5426, 0.74
5427, 0.28
5428, 0.33
5429, 0.00
5430, 0.17
5431, 0.10
5432, 1.00
5433, 0.72
5434, 1.00
5435, 0.17
5436, 0.57
5437, 0.87
5438, 0.78
5439, 0.61
5440, 0.01
5441, 1.00
5442, 0.50
5443, 0.42
5444, 0.57
5445, 0.69
5446, 1.00
5447, 0.15
5448, 0.44
5449, 0.23
5450, 0.11
5451, 1.00
5452, 0.11
5453, 1.00
5454, 0.73
5455, 1.00
5456, 0.77
5457, 1.00
5458, 0.52
5459, 1.00
5460, 0.70
5461, 0.76
5462, 0.30
5463, 0.77
5464, 0.85
5465, 0.00
5466, 0.52
5467, 0.33
5468, 0.27
5469, 0.17
5470, 0.03
5471, 0.11
5472, 1.00
5473, 0.09
5474, 0.39
5475, 0.06
5476, 0.74
5477, 0.66
5478, 0.42
5479, 1.00
5480, 0.42
5481, 0.01
5482, 0.04
5483, 0.52
5484, 0.29
5485, 0.00
5486, 0.81
5487, 1.00
5488, 0.00
5489, 0.63
5490, 1.00
5491, 0.72
5492, 1.00
5493, 0.61
5494, 0.36
5495, 0.55
5496, 1.00
5497, 0.68
5498, 0.64
5499, 0.19
5500, 1.00
5501, 0.62
5502, 0.26
5503, 0.06
5504, 0.52
5505, 0.72
5506, 0.63
5507, 0.61
5508, 0.57
5509, 0.61
5510, 0.73
5511, 0.19
5512, 0.80
5513, 0.75
5514, 1.00
5515, 0.34
5516, 0.48
5517, 0.00
5518, 0.00
5519, 0.62
5520, 1.00
5521, 0.17
5522, 0.06
5523, 0.47
5524, 1.00
5525, 0.65
5526, 0.03
5527, 0.67
5528, 0.01
5529, 0.49
5530, 0.00
5531, 0.00
5532, 0.43
5533, 0.63
5534, 0.26
5535, 0.68
5536, 0.08
5537, 0.74
5538, 1.00
5539, 0.10
5540, 0.00
5541, 0.00
5542, 1.00
5543, 1.00
5544, 1.00
5545, 0.00
5546, 0.64
5547, 0.35
5548, 0.38
5549, 0.07
5550, 0.00
5551, 0.66
5552, 0.02
5553, 0.03
5554, 1.00
5555, 0.83
5556, 0.21
5557, 0.13
5558, 0.00
5559, 0.64
5560, 0.57
5561, 0.00
5562, 0.86
5563, 0.39
5564, 0.52
5565, 0.25
5566, 0.00
5567, 0.00
5568, 0.59
5569, 0.27
5570, 0.08
5571, 0.31
5572, 1.00
5573, 1.00
5574, 0.63
5575, 0.91
5576, 1.00
5577, 0.00
5578, 0.78
5579, 0.00
5580, 0.31
5581, 0.26
5582, 0.08
5583, 0.59
5584, 0.31
5585, 0.93
5586, 0.51
5587, 0.00
5588, 0.39
5589, 0.80
5590, 0.52
5591, 0.71
5592, 0.32
5593, 0.35
5594, 1.00
5595, 0.58
5596, 0.15
5597, 0.04
5598, 0.68
5599, 1.00
5600, 0.61
5601, 0.80
5602, 0.84
5603, 0.72
5604, 0.13
5605, 1.00
5606, 0.01
5607, 0.86
5608, 0.00
5609, 0.16
5610, 0.05
5611, 0.51
5612, 0.76
5613, 0.00
5614, 0.67
5615, 0.01
5616, 0.00
5617, 0.35
5618, 0.00
5619, 0.55
5620, 0.14
5621, 1.00
5622, 0.20
5623, 0.15
5624, 0.64
5625, 0.27
5626, 0.04
5627, 0.76
5628, 0.41
5629, 0.01
5630, 0.68
5631, 0.46
5632, 0.13
5633, 1.00
5634, 0.26
5635, 1.00
5636, 0.00
5637, 0.01
5638, 0.47
5639, 0.28
5640, 0.75
5641, 0.44
5642, 0.87
5643, 0.55
5644, 1.00
5645, 0.00
5646, 0.02
5647, 0.00
5648, 0.03
5649, 0.44
5650, 0.55
5651, 0.50
5652, 0.58
5653, 0.00
5654, 0.00
5655, 0.21
5656, 0.07
5657, 0.29
5658, 1.00
5659, 0.37
5660, 1.00
5661, 0.00
5662, 1.00
5663, 0.39
5664, 0.78
5665, 0.22
5666, 0.75
5667, 0.86
5668, 0.22
5669, 0.01
5670, 0.19
5671, 0.42
5672, 0.73
5673, 0.00
5674, 0.25
5675, 1.00
5676, 0.77
5677, 0.33
5678, 0.68
5679, 0.11
5680, 0.00
5681, 0.00
5682, 0.37
5683, 0.81
5684, 1.00
5685, 0.20
5686, 0.16
5687, 1.00
5688, 1.00
5689, 0.45
5690, 0.00
5691, 0.69
5692, 0.51
5693, 0.78
5694, 0.15
5695, 0.00
5696, 0.00
5697, 0.44
5698, 0.43
5699, 0.41
5700, 0.00
5701, 1.00
5702, 0.29
5703, 1.00
5704, 1.00
5705, 1.00
5706, 1.00
5707, 0.09
5708, 0.36
5709, 1.00
5710, 1.00
5711, 0.05
5712, 0.30
5713, 0.07
5714, 0.43
5715, 0.29
5716, 0.46
5717, 0.42
5718, 0.58
5719, 0.00
5720, 0.60
5721, 0.63
5722, 0.36
5723, 0.17
5724, 0.22
5725, 0.63
5726, 0.36
5727, 0.00
5728, 0.57
5729, 0.12
5730, 0.37
5731, 0.63
5732, 0.39
5733, 1.00
5734, 0.61
5735, 0.23
5736, 1.00
5737, 0.26
5738, 0.66
5739, 1.00
5740, 0.00
5741, 0.33
5742, 0.09
5743, 0.63
5744, 0.00
5745, 1.00
5746, 0.13
5747, 0.18
5748, 0.73
5749, 1.00
5750, 0.56
5751, 1.00
5752, 0.70
5753, 0.03
5754, 0.23
5755, 0.46
5756, 1.00
5757, 0.29
5758, 0.50
5759, 0.87
5760, 0.00
5761, 0.41
5762, 0.55
5763, 0.32
5764, 0.00
5765, 0.19
5766, 0.46
5767, 0.24
5768, 0.01
5769, 1.00
5770, 0.60
5771, 0.07
5772, 0.28
5773, 0.56
5774, 0.76
5775, 0.60
5776, 0.21
5777, 0.61
5778, 0.00
5779, 0.30
5780, 0.56
5781, 0.50
5782, 0.26
5783, 0.32
5784, 0.26
5785, 0.62
5786, 1.00
5787, 0.06
5788, 0.83
5789, 0.00
5790, 1.00
5791, 0.00
5792, 0.27
5793, 0.34
5794, 0.00
5795, 0.06
5796, 0.00
5797, 0.09
5798, 0.67
5799, 0.20
5800, 0.09
5801, 0.00
5802, 0.62
5803, 0.12
5804, 0.69
5805, 1.00
5806, 0.76
5807, 0.16
5808, 0.00
5809, 0.21
5810, 0.55
5811, 0.18
5812, 0.25
5813, 0.80
5814, 0.43
5815, 0.01
5816, 0.53
5817, 0.07
5818, 1.00
5819, 0.06
5820, 0.56
5821, 0.27
5822, 1.00
5823, 0.17
5824, 0.63
5825, 0.87
5826, 1.00
5827, 0.24
5828, 0.27
5829, 0.01
5830, 0.22
5831, 0.65
5832, 0.81
5833, 0.02
5834, 0.66
5835, 0.00
5836, 0.01
5837, 0.23
5838, 0.27
5839, 1.00
5840, 0.00
5841, 0.49
5842, 0.84
5843, 1.00
5844, 0.45
5845, 1.00
5846, 0.31
5847, 0.02
5848, 0.00
5849, 0.05
5850, 0.05
5851, 0.70
5852, 0.34
5853, 0.23
5854, 0.13
5855, 0.71
5856, 0.16
5857, 1.00
5858, 0.39
5859, 0.07
5860, 0.60
5861, 0.00
5862, 0.62
5863, 0.27
5864, 1.00
5865, 0.61
5866, 0.50
5867, 1.00
5868, 0.08
5869, 0.25
5870, 0.00
5871, 0.32
5872, 1.00
5873, 1.00
5874, 0.30
5875, 0.37
5876, 0.00
5877, 1.00
5878, 0.48
5879, 0.27
5880, 0.55
5881, 0.04
5882, 0.00
5883, 1.00
5884, 1.00
5885, 0.40
5886, 0.37
5887, 0.64
5888, 0.00
5889, 0.24
5890, 0.24
5891, 0.03
5892, 0.26
5893, 0.07
5894, 0.81
5895, 0.37
5896, 0.50
5897, 0.31
5898, 0.43
5899, 0.06
5900, 0.29
5901, 0.27
5902, 0.63
5903, 0.75
5904, 0.00
5905, 1.00
5906, 0.59
5907, 0.70
5908, 0.23
5909, 0.05
5910, 1.00
5911, 0.00
5912, 0.21
5913, 1.00
5914, 0.55
5915, 0.00
5916, 0.15
5917, 0.88
5918, 0.01
5919, 0.11
5920, 0.46
5921, 0.62
5922, 0.67
5923, 1.00
5924, 0.00
5925, 0.45
5926, 0.87
5927, 0.00
5928, 0.48
5929, 0.67
5930, 0.66
5931, 0.32
5932, 1.00
5933, 1.00
5934, 0.19
5935, 0.02
5936, 0.00
5937, 0.61
5938, 0.32
5939, 0.19
5940, 0.00
5941, 1.00
5942, 0.40
5943, 0.17
5944, 1.00
5945, 1.00
5946, 0.62
5947, 0.81
5948, 0.22
5949, 1.00
5950, 0.00
5951, 0.82
5952, 0.20
5953, 0.00
5954, 0.73
5955, 0.27
5956, 0.70
5957, 0.00
5958, 0.04
5959, 0.43
5960, 0.21
5961, 0.22
5962, 0.65
5963, 1.00
5964, 1.00
5965, 0.55
5966, 1.00
5967, 0.36
5968, 0.18
5969, 0.00
5970, 0.58
5971, 0.61
5972, 1.00
5973, 0.15
5974, 0.88
5975, 0.61
5976, 0.00
5977, 0.00
5978, 0.53
5979, 0.24
5980, 0.66
5981, 0.74
5982, 0.50
5983, 0.11
5984, 0.34
5985, 0.51
5986, 0.30
5987, 0.57
5988, 1.00
5989, 0.43
5990, 1.00
5991, 1.00
5992, 0.37
5993, 0.26
5994, 0.63
5995, 1.00
5996, 0.12
5997, 0.70
5998, 0.06
5999, 0.72
6000, 1.00
6001, 0.48
6002, 1.00
6003, 1.00
6004, 0.15
6005, 0.36
6006, 0.00
6007, 0.10
6008, 0.51
6009, 0.83
6010, 0.15
6011, 0.32
6012, 0.25
6013, 0.16
6014, 0.63
6015, 0.83
6016, 0.45
6017, 0.82
6018, 0.82
6019, 0.47
6020, 0.61
6021, 0.21
6022, 0.00
6023, 0.42
6024, 0.54
6025, 0.42
6026, 0.08
6027, 1.00
6028, 0.73
6029, 0.39
6030, 0.76
6031, 0.21
6032, 1.00
6033, 0.51
6034, 0.70
6035, 0.17
6036, 1.00
6037, 0.57
6038, 0.00
6039, 0.47
6040, 0.25
6041, 0.10
6042, 0.24
6043, 0.86
6044, 0.84
6045, 0.00
6046, 0.87
6047, 1.00
6048, 0.41
6049, 0.02
6050, 1.00
6051, 0.57
6052, 0.62
6053, 0.65
6054, 0.73
6055, 0.19
6056, 0.08
6057, 0.68
6058, 1.00
6059, 0.78
6060, 0.58
6061, 0.57
6062, 0.60
6063, 0.06
6064, 0.55
6065, 0.94
6066, 0.57
6067, 0.68
6068, 0.20
6069, 0.75
6070, 0.64
6071, 1.00
6072, 0.13
6073, 1.00
6074, 0.01
6075, 0.09
6076, 0.31
6077, 0.45
6078, 0.63
6079, 0.00
6080, 0.17
6081, 0.25
6082, 0.01
6083, 0.72
6084, 0.63
6085, 0.24
6086, 0.14
6087, 0.54
6088, 0.61
6089, 0.51
6090, 0.25
6091, 0.33
6092, 0.01
6093, 0.55
6094, 0.55
6095, 0.00
6096, 0.59
6097, 0.62
6098, 0.78
6099, 0.80
6100, 0.74
6101, 0.35
6102, 0.07
6103, 1.00
6104, 0.00
6105, 0.08
6106, 0.54
6107, 0.60
6108, 0.06
6109, 0.41
6110, 0.23
6111, 0.64
6112, 0.00
6113, 0.83
6114, 0.19
6115, 0.03
6116, 0.62
6117, 0.23
6118, 0.30
6119, 0.40
6120, 0.00
6121, 1.00
6122, 0.00
6123, 0.00
6124, 0.19
6125, 0.47
6126, 0.48
6127, 0.57
6128, 0.33
6129, 0.24
6130, 0.15
6131, 1.00
6132, 0.34
6133, 0.82
6134, 0.09
6135, 0.44
6136, 0.70
6137, 0.34
6138, 0.11
6139, 1.00
6140, 0.32
6141, 1.00
6142, 1.00
6143, 0.25
6144, 0.34
6145, 0.67
6146, 0.66
6147, 0.25
6148, 0.43
6149, 0.01
6150, 0.28
6151, 0.40
6152, 0.56
6153, 0.55
6154, 1.00
6155, 0.18
6156, 0.00
6157, 0.40
6158, 0.09
6159, 0.05
6160, 0.22
6161, 0.00
6162, 0.78
6163, 0.54
6164, 0.35
6165, 0.69
6166, 0.39
6167, 0.15
6168, 0.10
6169, 0.22
6170, 0.61
6171, 1.00
6172, 0.38
6173, 0.18
6174, 0.28
6175, 0.43
6176, 0.31
6177, 0.74
6178, 0.00
6179, 0.22
6180, 0.64
6181, 0.00
6182, 1.00
6183, 0.51
6184, 0.24
6185, 0.61
6186, 0.82
6187, 0.81
6188, 0.39
6189, 1.00
6190, 0.26
6191, 0.53
6192, 0.82
6193, 1.00
6194, 0.00
6195, 0.80
6196, 0.75
6197, 1.00
6198, 0.19
6199, 0.86
6200, 0.05
6201, 0.40
6202, 0.02
6203, 0.00
6204, 1.00
6205, 0.40
6206, 1.00
6207, 0.17
6208, 0.10
6209, 0.00
6210, 0.24
6211, 0.23
6212, 0.33
6213, 0.00
6214, 0.48
6215, 0.22
6216, 0.19
6217, 0.59
6218, 0.00
6219, 1.00
6220, 0.24
6221, 0.17
6222, 0.07
6223, 1.00
6224, 0.01
6225, 0.37
6226, 0.91
6227, 0.73
6228, 0.81
6229, 1.00
6230, 1.00
6231, 0.43
6232, 0.00
6233, 0.55
6234, 1.00
6235, 0.24
6236, 0.60
6237, 0.41
6238, 0.67
6239, 0.69
6240, 0.56
6241, 0.83
6242, 0.57
6243, 0.50
6244, 0.29
6245, 0.14
6246, 0.22
6247, 0.25
6248, 0.75
6249, 0.18
6250, 1.00
6251, 0.23
6252, 0.08
6253, 0.75
6254, 0.01
6255, 0.28
6256, 0.15
6257, 0.71
6258, 0.55
6259, 0.39
6260, 0.70
6261, 0.09
6262, 0.74
6263, 0.65
6264, 0.00
6265, 0.00
6266, 1.00
6267, 0.89
6268, 1.00
6269, 0.20
6270, 0.33
6271, 0.56
6272, 0.10
6273, 0.01
6274, 0.17
6275, 0.26
6276, 0.61
6277, 0.66
6278, 0.56
6279, 0.20
6280, 1.00
6281, 0.00
6282, 0.17
6283, 0.00
6284, 0.92
6285, 0.82
6286, 0.72
6287, 0.44
6288, 0.93
6289, 0.05
6290, 1.00
6291, 0.53
6292, 0.18
6293, 0.16
6294, 0.09
6295, 1.00
6296, 1.00
6297, 0.48
6298, 0.30
6299, 1.00
6300, 0.41
6301, 0.15
6302, 0.06
6303, 0.00
6304, 1.00
6305, 0.27
6306, 0.61
6307, 0.90
6308, 0.21
6309, 0.19
6310, 0.67
6311, 0.00
6312, 0.00
6313, 0.76
6314, 0.02
6315, 0.45
6316, 1.00
6317, 0.38
6318, 0.71
6319, 0.33
6320, 1.00
6321, 0.79
6322, 0.54
6323, 0.02
6324, 1.00
6325, 0.38
6326, 0.07
6327, 0.64
6328, 0.00
6329, 0.23
6330, 0.66
6331, 0.47
6332, 0.40
6333, 0.58
6334, 0.02
6335, 0.72
6336, 0.51
6337, 0.11
6338, 0.62
6339, 0.14
6340, 0.00
6341, 0.58
6342, 0.25
6343, 0.02
6344, 1.00
6345, 0.10
6346, 1.00
6347, 0.24
6348, 1.00
6349, 0.76
6350, 0.04
6351, 0.51
6352, 1.00
6353, 0.72
6354, 0.26
6355, 0.38
6356, 0.22
6357, 1.00
6358, 0.05
6359, 0.73
6360, 1.00
6361, 0.15
6362, 0.61
6363, 1.00
6364, 0.55
6365, 0.02
6366, 0.00
6367, 0.79
6368, 0.01
6369, 1.00
6370, 0.72
6371, 1.00
6372, 0.01
6373, 0.69
6374, 0.18
6375, 0.01
6376, 1.00
6377, 0.07
6378, 1.00
6379, 0.71
6380, 0.13
6381, 0.39
6382, 0.59
6383, 0.63
6384, 0.14
6385, 0.76
6386, 0.53
6387, 0.06
6388, 0.63
6389, 0.67
6390, 0.65
6391, 0.78
6392, 0.34
6393, 0.79
6394, 0.04
6395, 0.26
6396, 1.00
6397, 0.00
6398, 0.17
6399, 0.00
6400, 0.14
6401, 0.23
6402, 0.00
6403, 0.63
6404, 1.00
6405, 0.41
6406, 0.49
6407, 1.00
6408, 0.61
6409, 0.08
6410, 0.27
6411, 0.09
6412, 0.63
6413, 0.05
6414, 0.43
6415, 0.45
6416, 0.42
6417, 0.00
6418, 0.00
6419, 0.51
6420, 0.87
6421, 0.68
6422, 0.00
6423, 0.00
6424, 0.34
6425, 0.80
6426, 1.00
6427, 0.38
6428, 0.03
6429, 0.62
6430, 1.00
6431, 0.00
6432, 0.59
6433, 0.02
6434, 0.02
6435, 0.00
6436, 0.00
6437, 0.76
6438, 0.31
6439, 0.54
6440, 0.24
6441, 0.40
6442, 0.17
6443, 0.15
6444, 0.02
6445, 0.00
6446, 0.29
6447, 0.37
6448, 1.00
6449, 0.49
6450, 0.01
6451, 0.35
6452, 0.79
6453, 0.88
6454, 0.68
6455, 0.16
6456, 1.00
6457, 0.22
6458, 0.13
6459, 0.45
6460, 0.01
6461, 0.03
6462, 0.08
6463, 0.05
6464, 0.73
6465, 0.03
6466, 0.28
6467, 1.00
6468, 1.00
6469, 0.31
6470, 0.05
6471, 0.77
6472, 0.58
6473, 0.59
6474, 0.57
6475, 0.59
6476, 1.00
6477, 0.40
6478, 0.00
6479, 0.19
6480, 0.05
6481, 0.30
6482, 0.68
6483, 0.36
6484, 0.41
6485, 0.29
6486, 0.00
6487, 0.57
6488, 1.00
6489, 0.00
6490, 0.49
6491, 0.14
6492, 0.00
6493, 0.57
6494, 0.50
6495, 0.30
6496, 0.58
6497, 0.40
6498, 0.00
6499, 0.89
6500, 0.58
6501, 0.50
6502, 0.43
6503, 0.47
6504, 0.00
6505, 0.59
6506, 0.63
6507, 0.11
6508, 0.66
6509, 0.25
6510, 0.66
6511, 1.00
6512, 1.00
6513, 0.04
6514, 0.51
6515, 0.50
6516, 0.01
6517, 0.42
6518, 0.38
6519, 0.04
6520, 0.00
6521, 0.72
6522, 0.58
6523, 0.21
6524, 0.24
6525, 0.33
6526, 0.79
6527, 0.46
6528, 1.00
6529, 0.09
6530, 1.00
6531, 0.56
6532, 0.00
6533, 0.42
6534, 0.69
6535, 0.00
6536, 1.00
6537, 0.43
6538, 0.66
6539, 0.07
6540, 0.77
6541, 0.29
6542, 0.16
6543, 1.00
6544, 0.73
6545, 0.03
6546, 0.37
6547, 0.42
6548, 0.80
6549, 1.00
6550, 0.75
6551, 0.73
6552, 0.01
6553, 0.75
6554, 0.12
6555, 0.54
6556, 0.27
6557, 0.11
6558, 0.24
6559, 0.24
6560, 0.00
6561, 0.56
6562, 0.41
6563, 0.61
6564, 0.03
6565, 0.21
6566, 0.01
6567, 1.00
6568, 0.86
6569, 0.00
6570, 0.28
6571, 1.00
6572, 0.63
6573, 0.45
6574, 1.00
6575, 0.38
6576, 0.01
6577, 0.05
6578, 0.09
6579, 0.19
6580, 0.35
6581, 0.29
6582, 0.18
6583, 0.64
6584, 0.68
6585, 0.42
6586, 0.63
6587, 0.00
6588, 0.25
6589, 0.04
6590, 0.02
6591, 0.18
6592, 1.00
6593, 0.25
6594, 0.20
6595, 0.84
6596, 0.26
6597, 0.56
6598, 0.25
6599, 0.17
6600, 0.51
6601, 0.55
6602, 0.33
6603, 0.00
6604, 0.57
6605, 0.00
6606, 0.01
6607, 0.29
6608, 0.38
6609, 0.41
6610, 0.00
6611, 0.00
6612, 0.01
6613, 0.68
6614, 0.54
6615, 0.77
6616, 0.01
6617, 1.00
6618, 0.03
6619, 1.00
6620, 0.21
6621, 0.00
6622, 0.59
6623, 0.05
6624, 0.47
6625, 0.45
6626, 0.64
6627, 0.45
6628, 0.63
6629, 0.59
6630, 1.00
6631, 0.41
6632, 0.63
6633, 0.32
6634, 0.10
6635, 1.00
6636, 0.11
6637, 1.00
6638, 0.21
6639, 1.00
6640, 0.66
6641, 1.00
6642, 0.07
6643, 0.00
6644, 0.00
6645, 0.57
6646, 0.00
6647, 0.31
6648, 0.00
6649, 0.00
6650, 0.01
6651, 0.90
6652, 0.43
6653, 0.44
6654, 0.38
6655, 0.31
6656, 0.15
6657, 0.65
6658, 0.22
6659, 0.13
6660, 1.00
6661, 0.62
6662, 0.30
6663, 0.43
6664, 0.53
6665, 0.67
6666, 0.35
6667, 0.74
6668, 0.54
6669, 0.69
6670, 0.90
6671, 1.00
6672, 0.42
6673, 0.00
6674, 0.48
6675, 0.19
6676, 0.78
6677, 0.28
6678, 0.71
6679, 0.75
6680, 0.00
6681, 0.63
6682, 0.21
6683, 0.07
6684, 1.00
6685, 0.82
6686, 0.11
6687, 0.38
6688, 0.67
6689, 1.00
6690, 0.51
6691, 0.64
6692, 1.00
6693, 0.38
6694, 0.42
6695, 0.00
6696, 1.00
6697, 0.27
6698, 0.42
6699, 0.28
6700, 0.00
6701, 0.33
6702, 0.00
6703, 0.00
6704, 0.87
6705, 0.00
6706, 0.65
6707, 0.36
6708, 0.48
6709, 0.55
6710, 0.00
6711, 0.88
6712, 0.34
6713, 0.31
6714, 0.00
6715, 0.28
6716, 0.57
6717, 0.13
6718, 0.35
6719, 0.24
6720, 0.05
6721, 0.80
6722, 0.44
6723, 1.00
6724, 0.39
6725, 0.06
6726, 0.64
6727, 0.34
6728, 0.00
6729, 1.00
6730, 0.73
6731, 0.42
6732, 1.00
6733, 0.56
6734, 0.64
6735, 0.52
6736, 0.50
6737, 0.77
6738, 0.43
6739, 0.20
6740, 0.26
6741, 0.39
6742, 0.22
6743, 0.00
6744, 1.00
6745, 1.00
6746, 0.07
6747, 0.13
6748, 0.74
6749, 1.00
6750, 0.12
6751, 0.00
6752, 0.11
6753, 0.10
6754, 0.37
6755, 0.00
6756, 0.28
6757, 0.73
6758, 0.52
6759, 0.13
6760, 0.75
6761, 0.00
6762, 0.00
6763, 0.22
6764, 0.08
6765, 0.00
6766, 0.45
6767, 0.32
6768, 0.31
6769, 0.03
6770, 1.00
6771, 0.67
6772, 0.73
6773, 0.00
6774, 0.44
6775, 0.87
6776, 0.48
6777, 0.47
6778, 0.24
6779, 0.25
6780, 0.38
6781, 1.00
6782, 0.56
6783, 0.52
6784, 1.00
6785, 0.11
6786, 0.34
6787, 0.77
6788, 0.20
6789, 1.00
6790, 0.07
6791, 0.00
6792, 1.00
6793, 0.02
6794, 0.01
6795, 0.32
6796, 1.00
6797, 0.54
6798, 1.00
6799, 0.00
6800, 1.00
6801, 1.00
6802, 0.47
6803, 0.74
6804, 0.00
6805, 1.00
6806, 0.75
6807, 0.55
6808, 0.00
6809, 0.04
6810, 0.00
6811, 0.72
6812, 0.27
6813, 0.18
6814, 0.18
6815, 0.29
6816, 1.00
6817, 0.76
6818, 0.20
6819, 0.27
6820, 0.07
6821, 1.00
6822, 0.27
6823, 0.52
6824, 0.07
6825, 1.00
6826, 0.41
6827, 0.00
6828, 0.09
6829, 0.45
6830, 0.12
6831, 1.00
6832, 0.00
6833, 1.00
6834, 0.60
6835, 0.30
6836, 0.34
6837, 0.00
6838, 0.66
6839, 0.11
6840, 0.00
6841, 0.41
6842, 0.69
6843, 0.71
6844, 0.15
6845, 0.19
6846, 0.61
6847, 1.00
6848, 0.30
6849, 0.77
6850, 0.51
6851, 0.00
6852, 0.30
6853, 0.22
6854, 0.75
6855, 0.05
6856, 0.28
6857, 0.41
6858, 0.74
6859, 0.58
6860, 0.39
6861, 1.00
6862, 1.00
6863, 0.25
6864, 0.76
6865, 0.00
6866, 0.41
6867, 0.81
6868, 0.61
6869, 0.87
6870, 0.68
6871, 0.12
6872, 0.16
6873, 1.00
6874, 0.41
6875, 0.34
6876, 0.10
6877, 0.04
6878, 0.00
6879, 0.46
6880, 0.33
6881, 0.70
6882, 0.40
6883, 0.61
6884, 0.82
6885, 0.53
6886, 0.25
6887, 0.65
6888, 0.21
6889, 0.00
6890, 1.00
6891, 0.75
6892, 1.00
6893, 0.13
6894, 1.00
6895, 1.00
6896, 0.00
6897, 1.00
6898, 0.62
6899, 0.63
6900, 1.00
6901, 0.30
6902, 0.47
6903, 0.00
6904, 0.56
6905, 0.35
6906, 0.00
6907, 0.04
6908, 0.21
6909, 0.14
6910, 0.29
6911, 1.00
6912, 0.47
6913, 0.31
6914, 0.23
6915, 0.27
6916, 0.35
6917, 0.53
6918, 0.37
6919, 0.66
6920, 0.25
6921, 0.77
6922, 0.26
6923, 0.00
6924, 1.00
6925, 0.04
6926, 0.61
6927, 0.38
6928, 0.77
6929, 0.19
6930, 0.02
6931, 1.00
6932, 1.00
6933, 0.69
6934, 0.46
6935, 0.70
6936, 1.00
6937, 0.72
6938, 0.08
6939, 0.00
6940, 1.00
6941, 0.73
6942, 0.39
6943, 0.24
6944, 0.16
6945, 0.33
6946, 0.14
6947, 0.25
6948, 0.07
6949, 1.00
6950, 0.37
6951, 1.00
6952, 0.51
6953, 0.33
6954, 0.62
6955, 0.33
6956, 0.00
6957, 0.04
6958, 0.00
6959, 0.83
6960, 0.09
6961, 1.00
6962, 0.01
6963, 0.72
6964, 0.59
6965, 1.00
6966, 0.00
6967, 0.38
6968, 0.71
6969, 1.00
6970, 0.00
6971, 0.05
6972, 0.28
6973, 0.41
6974, 0.86
6975, 1.00
6976, 0.33
6977, 0.00
6978, 0.15
6979, 0.04
6980, 0.68
6981, 0.00
6982, 0.24
6983, 1.00
6984, 0.18
6985, 0.00
6986, 0.60
6987, 0.78
6988, 0.34
6989, 0.83
6990, 0.52
6991, 0.65
6992, 0.04
6993, 0.42
6994, 0.67
6995, 1.00
6996, 0.37
6997, 1.00
6998, 0.16
6999, 0.35
7000, 0.50
7001, 0.62
7002, 0.63
7003, 0.23
7004, 1.00
7005, 0.86
7006, 0.44
7007, 0.55
7008, 0.78
7009, 0.77
7010, 0.19
7011, 0.15
7012, 0.00
7013, 1.00
7014, 0.62
7015, 0.65
7016, 0.23
7017, 0.08
7018, 0.00
7019, 0.61
7020, 0.21
7021, 0.17
7022, 0.00
7023, 0.76
7024, 0.63
7025, 0.17
7026, 0.92
7027, 0.00
7028, 0.33
7029, 0.51
7030, 0.22
7031, 0.01
7032, 0.89
7033, 0.00
7034, 1.00
7035, 1.00
7036, 0.62
7037, 0.00
7038, 0.00
7039, 0.11
7040, 0.32
7041, 0.53
7042, 0.63
7043, 0.05
7044, 0.13
7045, 0.68
7046, 0.77
7047, 0.04
7048, 0.77
7049, 0.63
7050, 0.29
7051, 0.65
7052, 0.26
7053, 0.40
7054, 0.01
7055, 0.55
7056, 0.24
7057, 0.35
7058, 0.54
7059, 0.01
7060, 0.30
7061, 0.00
7062, 0.66
7063, 0.47
7064, 0.11
7065, 1.00
7066, 0.68
7067, 0.23
7068, 0.14
7069, 0.49
7070, 0.69
7071, 0.51
7072, 1.00
7073, 0.00
7074, 0.08
7075, 0.00
7076, 0.64
7077, 0.00
7078, 0.25
7079, 1.00
7080, 1.00
7081, 0.51
7082, 0.01
7083, 0.07
7084, 0.27
7085, 0.26
7086, 0.11
7087, 1.00
7088, 0.25
7089, 0.39
7090, 0.41
7091, 0.42
7092, 0.65
7093, 0.52
7094, 0.00
7095, 0.73
7096, 0.86
7097, 0.29
7098, 0.72
7099, 0.03
7100, 0.62
7101, 0.24
7102, 0.70
7103, 0.33
7104, 0.06
7105, 0.83
7106, 1.00
7107, 0.17
7108, 0.50
7109, 0.54
7110, 0.00
7111, 0.69
7112, 0.05
7113, 0.49
7114, 0.34
7115, 0.20
7116, 0.73
7117, 0.00
7118, 0.48
7119, 0.83
7120, 0.35
7121, 0.04
7122, 0.28
7123, 1.00
7124, 0.05
7125, 0.07
7126, 0.17
7127, 0.21
7128, 0.42
7129, 0.59
7130, 1.00
7131, 0.34
7132, 0.00
7133, 0.00
7134, 0.19
7135, 0.63
7136, 0.40
7137, 0.00
7138, 0.65
7139, 0.34
7140, 0.00
7141, 0.24
7142, 0.00
7143, 0.17
7144, 0.28
7145, 1.00
7146, 0.15
7147, 0.02
7148, 0.18
7149, 1.00
7150, 0.53
7151, 0.00
7152, 0.01
7153, 0.30
7154, 0.68
7155, 1.00
7156, 0.53
7157, 0.22
7158, 0.71
7159, 0.34
7160, 0.17
7161, 0.01
7162, 0.00
7163, 0.22
7164, 0.76
7165, 0.37
7166, 1.00
7167, 0.15
7168, 0.10
7169, 0.04
7170, 0.87
7171, 0.00
7172, 0.22
7173, 0.03
7174, 0.52
7175, 0.08
7176, 0.63
7177, 0.53
7178, 0.06
7179, 1.00
7180, 1.00
7181, 1.00
7182, 0.12
7183, 1.00
7184, 1.00
7185, 0.72
7186, 0.11
7187, 0.49
7188, 0.05
7189, 0.00
7190, 0.71
7191, 0.48
7192, 1.00
7193, 0.24
7194, 0.65
7195, 0.52
7196, 0.23
7197, 0.05
7198, 0.56
7199, 0.00
7200, 1.00
7201, 0.73
7202, 0.62
7203, 0.73
7204, 0.00
7205, 0.61
7206, 0.09
7207, 0.20
7208, 0.24
7209, 0.45
7210, 0.21
7211, 0.56
7212, 0.04
7213, 0.58
7214, 0.14
7215, 0.00
7216, 1.00
7217, 1.00
7218, 0.68
7219, 0.19
7220, 1.00
7221, 0.76
7222, 1.00
7223, 0.12
7224, 0.55
7225, 1.00
7226, 0.37
7227, 0.02
7228, 0.15
7229, 0.06
7230, 0.11
7231, 0.10
7232, 0.23
7233, 0.70
7234, 0.39
7235, 0.00
7236, 0.53
7237, 0.71
7238, 0.17
7239, 0.00
7240, 0.16
7241, 0.31
7242, 0.17
7243, 0.01
7244, 0.51
7245, 0.08
7246, 0.00
7247, 0.02
7248, 0.18
7249, 0.46
7250, 0.26
7251, 0.76
7252, 0.78
7253, 0.08
7254, 0.29
7255, 1.00
7256, 0.34
7257, 0.81
7258, 1.00
7259, 0.68
7260, 0.09
7261, 0.05
7262, 0.87
7263, 0.83
7264, 0.25
7265, 0.26
7266, 0.07
7267, 1.00
7268, 0.28
7269, 1.00
7270, 0.34
7271, 0.31
7272, 0.44
7273, 0.21
7274, 1.00
7275, 1.00
7276, 0.76
7277, 0.37
7278, 0.73
7279, 0.15
7280, 0.45
7281, 0.32
7282, 0.35
7283, 0.34
7284, 0.41
7285, 0.62
7286, 0.71
7287, 1.00
7288, 0.75
7289, 0.65
7290, 0.54
7291, 0.77
7292, 0.02
7293, 0.55
7294, 0.01
7295, 0.00
7296, 1.00
7297, 0.73
7298, 1.00
7299, 0.37
7300, 0.18
7301, 0.39
7302, 0.63
7303, 0.48
7304, 0.00
7305, 1.00
7306, 0.40
7307, 0.61
7308, 0.00
7309, 0.22
7310, 1.00
7311, 0.22
7312, 0.46
7313, 0.44
7314, 0.07
7315, 0.35
7316, 0.27
7317, 0.39
7318, 0.37
7319, 0.41
7320, 0.19
7321, 0.61
7322, 1.00
7323, 0.04
7324, 1.00
7325, 0.30
7326, 0.33
7327, 0.57
7328, 0.01
7329, 0.63
7330, 0.38
7331, 0.15
7332, 0.10
7333, 0.58
7334, 0.77
7335, 0.69
7336, 0.38
7337, 0.39
7338, 0.51
7339, 0.54
7340, 0.23
7341, 0.59
7342, 1.00
7343, 0.42
7344, 0.21
7345, 0.00
7346, 0.38
7347, 1.00
7348, 0.07
7349, 1.00
7350, 0.04
7351, 0.78
7352, 0.64
7353, 0.11
7354, 1.00
7355, 1.00
7356, 0.82
7357, 0.21
7358, 0.00
7359, 0.84
7360, 0.61
7361, 0.70
7362, 1.00
7363, 0.20
7364, 0.06
7365, 0.27
7366, 0.33
7367, 1.00
7368, 0.92
7369, 1.00
7370, 0.74
7371, 0.45
7372, 0.21
7373, 1.00
7374, 0.40
7375, 0.23
7376, 1.00
7377, 0.00
7378, 0.57
7379, 0.31
7380, 0.79
7381, 0.30
7382, 0.10
7383, 0.59
7384, 1.00
7385, 0.00
7386, 0.61
7387, 0.41
7388, 0.50
7389, 1.00
7390, 0.55
7391, 0.53
7392, 0.19
7393, 0.40
7394, 1.00
7395, 0.77
7396, 0.34
7397, 0.44
7398, 0.13
7399, 0.01
7400, 0.50
7401, 1.00
7402, 0.00
7403, 0.16
7404, 0.36
7405, 0.64
7406, 0.00
7407, 0.51
7408, 0.33
7409, 0.00
7410, 0.02
7411, 0.00
7412, 0.23
7413, 0.00
7414, 1.00
7415, 0.01
7416, 0.00
7417, 1.00
7418, 0.00
7419, 0.17
7420, 1.00
7421, 0.65
